-50.000000	0.368757
-49.969994	0.368891
-49.939988	0.369023
-49.909982	0.369154
-49.879976	0.369283
-49.849970	0.369410
-49.819964	0.369536
-49.789958	0.369660
-49.759952	0.369782
-49.729946	0.369903
-49.699940	0.370022
-49.669934	0.370139
-49.639928	0.370255
-49.609922	0.370369
-49.579916	0.370481
-49.549910	0.370592
-49.519904	0.370701
-49.489898	0.370809
-49.459892	0.370915
-49.429886	0.371020
-49.399880	0.371122
-49.369874	0.371224
-49.339868	0.371323
-49.309862	0.371422
-49.279856	0.371518
-49.249850	0.371613
-49.219844	0.371707
-49.189838	0.371799
-49.159832	0.371889
-49.129826	0.371978
-49.099820	0.372066
-49.069814	0.372152
-49.039808	0.372236
-49.009802	0.372319
-48.979796	0.372401
-48.949790	0.372481
-48.919784	0.372560
-48.889778	0.372637
-48.859772	0.372713
-48.829766	0.372787
-48.799760	0.372860
-48.769754	0.372932
-48.739748	0.373002
-48.709742	0.373070
-48.679736	0.373138
-48.649730	0.373204
-48.619724	0.373269
-48.589718	0.373332
-48.559712	0.373394
-48.529706	0.373455
-48.499700	0.373514
-48.469694	0.373572
-48.439688	0.373629
-48.409682	0.373684
-48.379676	0.373739
-48.349670	0.373792
-48.319664	0.373843
-48.289658	0.373894
-48.259652	0.373943
-48.229646	0.373991
-48.199640	0.374038
-48.169634	0.374083
-48.139628	0.374128
-48.109622	0.374171
-48.079616	0.374213
-48.049610	0.374254
-48.019604	0.374294
-47.989598	0.374332
-47.959592	0.374370
-47.929586	0.374406
-47.899580	0.374441
-47.869574	0.374475
-47.839568	0.374508
-47.809562	0.374540
-47.779556	0.374571
-47.749550	0.374601
-47.719544	0.374630
-47.689538	0.374658
-47.659532	0.374684
-47.629526	0.374710
-47.599520	0.374734
-47.569514	0.374758
-47.539508	0.374781
-47.509502	0.374802
-47.479496	0.374823
-47.449490	0.374843
-47.419484	0.374861
-47.389478	0.374879
-47.359472	0.374896
-47.329466	0.374912
-47.299460	0.374927
-47.269454	0.374941
-47.239448	0.374954
-47.209442	0.374966
-47.179436	0.374978
-47.149430	0.374988
-47.119424	0.374998
-47.089418	0.375006
-47.059412	0.375014
-47.029406	0.375021
-46.999400	0.375028
-46.969394	0.375033
-46.939388	0.375037
-46.909382	0.375041
-46.879376	0.375044
-46.849370	0.375046
-46.819364	0.375048
-46.789358	0.375048
-46.759352	0.375048
-46.729346	0.375047
-46.699340	0.375045
-46.669334	0.375043
-46.639328	0.375039
-46.609322	0.375036
-46.579316	0.375031
-46.549310	0.375025
-46.519304	0.375019
-46.489298	0.375012
-46.459292	0.375005
-46.429286	0.374997
-46.399280	0.374988
-46.369274	0.374978
-46.339268	0.374968
-46.309262	0.374957
-46.279256	0.374945
-46.249250	0.374933
-46.219244	0.374920
-46.189238	0.374907
-46.159232	0.374893
-46.129226	0.374878
-46.099220	0.374863
-46.069214	0.374847
-46.039208	0.374830
-46.009202	0.374813
-45.979196	0.374795
-45.949190	0.374777
-45.919184	0.374758
-45.889178	0.374738
-45.859172	0.374718
-45.829166	0.374697
-45.799160	0.374676
-45.769154	0.374654
-45.739148	0.374632
-45.709142	0.374609
-45.679136	0.374586
-45.649130	0.374562
-45.619124	0.374537
-45.589118	0.374513
-45.559112	0.374487
-45.529106	0.374461
-45.499100	0.374435
-45.469094	0.374408
-45.439088	0.374380
-45.409082	0.374352
-45.379076	0.374324
-45.349070	0.374295
-45.319064	0.374266
-45.289058	0.374236
-45.259052	0.374206
-45.229046	0.374175
-45.199040	0.374144
-45.169034	0.374112
-45.139028	0.374080
-45.109022	0.374047
-45.079016	0.374014
-45.049010	0.373981
-45.019004	0.373947
-44.988998	0.373913
-44.958992	0.373878
-44.928986	0.373843
-44.898980	0.373808
-44.868974	0.373772
-44.838968	0.373736
-44.808962	0.373699
-44.778956	0.373662
-44.748950	0.373625
-44.718944	0.373587
-44.688938	0.373549
-44.658932	0.373510
-44.628926	0.373471
-44.598920	0.373432
-44.568914	0.373392
-44.538908	0.373352
-44.508902	0.373312
-44.478896	0.373271
-44.448890	0.373230
-44.418884	0.373189
-44.388878	0.373147
-44.358872	0.373105
-44.328866	0.373063
-44.298860	0.373020
-44.268854	0.372977
-44.238848	0.372933
-44.208842	0.372890
-44.178836	0.372846
-44.148830	0.372801
-44.118824	0.372757
-44.088818	0.372712
-44.058812	0.372667
-44.028806	0.372621
-43.998800	0.372575
-43.968794	0.372529
-43.938788	0.372483
-43.908782	0.372436
-43.878776	0.372389
-43.848770	0.372342
-43.818764	0.372294
-43.788758	0.372246
-43.758752	0.372198
-43.728746	0.372150
-43.698740	0.372101
-43.668734	0.372052
-43.638728	0.372003
-43.608722	0.371954
-43.578716	0.371904
-43.548710	0.371854
-43.518704	0.371804
-43.488698	0.371753
-43.458692	0.371703
-43.428686	0.371652
-43.398680	0.371601
-43.368674	0.371549
-43.338668	0.371498
-43.308662	0.371446
-43.278656	0.371394
-43.248650	0.371341
-43.218644	0.371289
-43.188638	0.371236
-43.158632	0.371183
-43.128626	0.371130
-43.098620	0.371076
-43.068614	0.371023
-43.038608	0.370969
-43.008602	0.370915
-42.978596	0.370861
-42.948590	0.370806
-42.918584	0.370751
-42.888578	0.370697
-42.858572	0.370642
-42.828566	0.370586
-42.798560	0.370531
-42.768554	0.370475
-42.738548	0.370419
-42.708542	0.370363
-42.678536	0.370307
-42.648530	0.370251
-42.618524	0.370194
-42.588518	0.370137
-42.558512	0.370080
-42.528506	0.370023
-42.498500	0.369966
-42.468494	0.369908
-42.438488	0.369851
-42.408482	0.369793
-42.378476	0.369735
-42.348470	0.369677
-42.318464	0.369619
-42.288458	0.369560
-42.258452	0.369501
-42.228446	0.369443
-42.198440	0.369384
-42.168434	0.369325
-42.138428	0.369265
-42.108422	0.369206
-42.078416	0.369146
-42.048410	0.369087
-42.018404	0.369027
-41.988398	0.368967
-41.958392	0.368907
-41.928386	0.368846
-41.898380	0.368786
-41.868374	0.368725
-41.838368	0.368665
-41.808362	0.368604
-41.778356	0.368543
-41.748350	0.368482
-41.718344	0.368420
-41.688338	0.368359
-41.658332	0.368297
-41.628326	0.368236
-41.598320	0.368174
-41.568314	0.368112
-41.538308	0.368050
-41.508302	0.367988
-41.478296	0.367926
-41.448290	0.367863
-41.418284	0.367801
-41.388278	0.367738
-41.358272	0.367675
-41.328266	0.367613
-41.298260	0.367550
-41.268254	0.367487
-41.238248	0.367423
-41.208242	0.367360
-41.178236	0.367297
-41.148230	0.367233
-41.118224	0.367169
-41.088218	0.367106
-41.058212	0.367042
-41.028206	0.366978
-40.998200	0.366914
-40.968194	0.366850
-40.938188	0.366786
-40.908182	0.366721
-40.878176	0.366657
-40.848170	0.366592
-40.818164	0.366528
-40.788158	0.366463
-40.758152	0.366398
-40.728146	0.366333
-40.698140	0.366268
-40.668134	0.366203
-40.638128	0.366138
-40.608122	0.366073
-40.578116	0.366007
-40.548110	0.365942
-40.518104	0.365876
-40.488098	0.365811
-40.458092	0.365745
-40.428086	0.365679
-40.398080	0.365614
-40.368074	0.365548
-40.338068	0.365482
-40.308062	0.365416
-40.278056	0.365349
-40.248050	0.365283
-40.218044	0.365217
-40.188038	0.365151
-40.158032	0.365084
-40.128026	0.365018
-40.098020	0.364951
-40.068014	0.364884
-40.038008	0.364818
-40.008002	0.364751
-39.977996	0.364684
-39.947990	0.364617
-39.917984	0.364550
-39.887978	0.364483
-39.857972	0.364416
-39.827966	0.364349
-39.797960	0.364281
-39.767954	0.364214
-39.737948	0.364147
-39.707942	0.364079
-39.677936	0.364012
-39.647930	0.363944
-39.617924	0.363876
-39.587918	0.363809
-39.557912	0.363741
-39.527906	0.363673
-39.497900	0.363605
-39.467894	0.363537
-39.437888	0.363469
-39.407882	0.363401
-39.377876	0.363333
-39.347870	0.363265
-39.317864	0.363197
-39.287858	0.363129
-39.257852	0.363061
-39.227846	0.362992
-39.197840	0.362924
-39.167834	0.362856
-39.137828	0.362787
-39.107822	0.362719
-39.077816	0.362650
-39.047810	0.362581
-39.017804	0.362513
-38.987798	0.362444
-38.957792	0.362375
-38.927786	0.362307
-38.897780	0.362238
-38.867774	0.362169
-38.837768	0.362100
-38.807762	0.362031
-38.777756	0.361962
-38.747750	0.361893
-38.717744	0.361824
-38.687738	0.361755
-38.657732	0.361686
-38.627726	0.361617
-38.597720	0.361548
-38.567714	0.361479
-38.537708	0.361409
-38.507702	0.361340
-38.477696	0.361271
-38.447690	0.361201
-38.417684	0.361132
-38.387678	0.361063
-38.357672	0.360993
-38.327666	0.360924
-38.297660	0.360854
-38.267654	0.360785
-38.237648	0.360715
-38.207642	0.360645
-38.177636	0.360576
-38.147630	0.360506
-38.117624	0.360437
-38.087618	0.360367
-38.057612	0.360297
-38.027606	0.360227
-37.997600	0.360158
-37.967594	0.360088
-37.937588	0.360018
-37.907582	0.359948
-37.877576	0.359878
-37.847570	0.359808
-37.817564	0.359739
-37.787558	0.359669
-37.757552	0.359599
-37.727546	0.359529
-37.697540	0.359459
-37.667534	0.359389
-37.637528	0.359319
-37.607522	0.359249
-37.577516	0.359179
-37.547510	0.359109
-37.517504	0.359038
-37.487497	0.358968
-37.457491	0.358898
-37.427485	0.358828
-37.397479	0.358758
-37.367473	0.358688
-37.337467	0.358618
-37.307461	0.358547
-37.277455	0.358477
-37.247449	0.358407
-37.217443	0.358337
-37.187437	0.358267
-37.157431	0.358196
-37.127425	0.358126
-37.097419	0.358056
-37.067413	0.357986
-37.037407	0.357915
-37.007401	0.357845
-36.977395	0.357775
-36.947389	0.357704
-36.917383	0.357634
-36.887377	0.357564
-36.857371	0.357493
-36.827365	0.357423
-36.797359	0.357353
-36.767353	0.357282
-36.737347	0.357212
-36.707341	0.357142
-36.677335	0.357071
-36.647329	0.357001
-36.617323	0.356931
-36.587317	0.356860
-36.557311	0.356790
-36.527305	0.356719
-36.497299	0.356649
-36.467293	0.356579
-36.437287	0.356508
-36.407281	0.356438
-36.377275	0.356367
-36.347269	0.356297
-36.317263	0.356227
-36.287257	0.356156
-36.257251	0.356086
-36.227245	0.356016
-36.197239	0.355945
-36.167233	0.355875
-36.137227	0.355804
-36.107221	0.355734
-36.077215	0.355664
-36.047209	0.355593
-36.017203	0.355523
-35.987197	0.355453
-35.957191	0.355382
-35.927185	0.355312
-35.897179	0.355241
-35.867173	0.355171
-35.837167	0.355101
-35.807161	0.355030
-35.777155	0.354960
-35.747149	0.354890
-35.717143	0.354819
-35.687137	0.354749
-35.657131	0.354679
-35.627125	0.354609
-35.597119	0.354538
-35.567113	0.354468
-35.537107	0.354398
-35.507101	0.354328
-35.477095	0.354257
-35.447089	0.354187
-35.417083	0.354117
-35.387077	0.354047
-35.357071	0.353976
-35.327065	0.353906
-35.297059	0.353836
-35.267053	0.353766
-35.237047	0.353696
-35.207041	0.353626
-35.177035	0.353555
-35.147029	0.353485
-35.117023	0.353415
-35.087017	0.353345
-35.057011	0.353275
-35.027005	0.353205
-34.996999	0.353135
-34.966993	0.353065
-34.936987	0.352995
-34.906981	0.352925
-34.876975	0.352855
-34.846969	0.352785
-34.816963	0.352715
-34.786957	0.352645
-34.756951	0.352575
-34.726945	0.352505
-34.696939	0.352435
-34.666933	0.352365
-34.636927	0.352295
-34.606921	0.352226
-34.576915	0.352156
-34.546909	0.352086
-34.516903	0.352016
-34.486897	0.351946
-34.456891	0.351877
-34.426885	0.351807
-34.396879	0.351737
-34.366873	0.351668
-34.336867	0.351598
-34.306861	0.351528
-34.276855	0.351459
-34.246849	0.351389
-34.216843	0.351319
-34.186837	0.351250
-34.156831	0.351180
-34.126825	0.351111
-34.096819	0.351041
-34.066813	0.350972
-34.036807	0.350902
-34.006801	0.350833
-33.976795	0.350764
-33.946789	0.350694
-33.916783	0.350625
-33.886777	0.350556
-33.856771	0.350486
-33.826765	0.350417
-33.796759	0.350348
-33.766753	0.350279
-33.736747	0.350209
-33.706741	0.350140
-33.676735	0.350071
-33.646729	0.350002
-33.616723	0.349933
-33.586717	0.349864
-33.556711	0.349795
-33.526705	0.349726
-33.496699	0.349657
-33.466693	0.349588
-33.436687	0.349519
-33.406681	0.349450
-33.376675	0.349381
-33.346669	0.349312
-33.316663	0.349243
-33.286657	0.349175
-33.256651	0.349106
-33.226645	0.349037
-33.196639	0.348968
-33.166633	0.348900
-33.136627	0.348831
-33.106621	0.348763
-33.076615	0.348694
-33.046609	0.348625
-33.016603	0.348557
-32.986597	0.348488
-32.956591	0.348420
-32.926585	0.348352
-32.896579	0.348283
-32.866573	0.348215
-32.836567	0.348147
-32.806561	0.348078
-32.776555	0.348010
-32.746549	0.347942
-32.716543	0.347874
-32.686537	0.347806
-32.656531	0.347737
-32.626525	0.347669
-32.596519	0.347601
-32.566513	0.347533
-32.536507	0.347465
-32.506501	0.347397
-32.476495	0.347329
-32.446489	0.347262
-32.416483	0.347194
-32.386477	0.347126
-32.356471	0.347058
-32.326465	0.346991
-32.296459	0.346923
-32.266453	0.346855
-32.236447	0.346788
-32.206441	0.346720
-32.176435	0.346653
-32.146429	0.346585
-32.116423	0.346518
-32.086417	0.346450
-32.056411	0.346383
-32.026405	0.346315
-31.996399	0.346248
-31.966393	0.346181
-31.936387	0.346114
-31.906381	0.346047
-31.876375	0.345979
-31.846369	0.345912
-31.816363	0.345845
-31.786357	0.345778
-31.756351	0.345711
-31.726345	0.345644
-31.696339	0.345577
-31.666333	0.345511
-31.636327	0.345444
-31.606321	0.345377
-31.576315	0.345310
-31.546309	0.345244
-31.516303	0.345177
-31.486297	0.345110
-31.456291	0.345044
-31.426285	0.344977
-31.396279	0.344911
-31.366273	0.344844
-31.336267	0.344778
-31.306261	0.344712
-31.276255	0.344645
-31.246249	0.344579
-31.216243	0.344513
-31.186237	0.344447
-31.156231	0.344381
-31.126225	0.344315
-31.096219	0.344249
-31.066213	0.344183
-31.036207	0.344117
-31.006201	0.344051
-30.976195	0.343985
-30.946189	0.343919
-30.916183	0.343854
-30.886177	0.343788
-30.856171	0.343722
-30.826165	0.343657
-30.796159	0.343591
-30.766153	0.343526
-30.736147	0.343460
-30.706141	0.343395
-30.676135	0.343329
-30.646129	0.343264
-30.616123	0.343199
-30.586117	0.343134
-30.556111	0.343068
-30.526105	0.343003
-30.496099	0.342938
-30.466093	0.342873
-30.436087	0.342808
-30.406081	0.342743
-30.376075	0.342679
-30.346069	0.342614
-30.316063	0.342549
-30.286057	0.342484
-30.256051	0.342420
-30.226045	0.342355
-30.196039	0.342290
-30.166033	0.342226
-30.136027	0.342162
-30.106021	0.342097
-30.076015	0.342033
-30.046009	0.341969
-30.016003	0.341904
-29.985997	0.341840
-29.955991	0.341776
-29.925985	0.341712
-29.895979	0.341648
-29.865973	0.341584
-29.835967	0.341520
-29.805961	0.341456
-29.775955	0.341392
-29.745949	0.341329
-29.715943	0.341265
-29.685937	0.341201
-29.655931	0.341138
-29.625925	0.341074
-29.595919	0.341011
-29.565913	0.340947
-29.535907	0.340884
-29.505901	0.340821
-29.475895	0.340757
-29.445889	0.340694
-29.415883	0.340631
-29.385877	0.340568
-29.355871	0.340505
-29.325865	0.340442
-29.295859	0.340379
-29.265853	0.340316
-29.235847	0.340254
-29.205841	0.340191
-29.175835	0.340128
-29.145829	0.340066
-29.115823	0.340003
-29.085817	0.339941
-29.055811	0.339878
-29.025805	0.339816
-28.995799	0.339754
-28.965793	0.339691
-28.935787	0.339629
-28.905781	0.339567
-28.875775	0.339505
-28.845769	0.339443
-28.815763	0.339381
-28.785757	0.339319
-28.755751	0.339257
-28.725745	0.339196
-28.695739	0.339134
-28.665733	0.339072
-28.635727	0.339011
-28.605721	0.338949
-28.575715	0.338888
-28.545709	0.338826
-28.515703	0.338765
-28.485697	0.338704
-28.455691	0.338643
-28.425685	0.338582
-28.395679	0.338521
-28.365673	0.338460
-28.335667	0.338399
-28.305661	0.338338
-28.275655	0.338277
-28.245649	0.338216
-28.215643	0.338156
-28.185637	0.338095
-28.155631	0.338035
-28.125625	0.337974
-28.095619	0.337914
-28.065613	0.337853
-28.035607	0.337793
-28.005601	0.337733
-27.975595	0.337673
-27.945589	0.337613
-27.915583	0.337553
-27.885577	0.337493
-27.855571	0.337433
-27.825565	0.337373
-27.795559	0.337313
-27.765553	0.337254
-27.735547	0.337194
-27.705541	0.337135
-27.675535	0.337075
-27.645529	0.337016
-27.615523	0.336957
-27.585517	0.336897
-27.555511	0.336838
-27.525505	0.336779
-27.495499	0.336720
-27.465493	0.336661
-27.435487	0.336602
-27.405481	0.336543
-27.375475	0.336485
-27.345469	0.336426
-27.315463	0.336367
-27.285457	0.336309
-27.255451	0.336250
-27.225445	0.336192
-27.195439	0.336134
-27.165433	0.336075
-27.135427	0.336017
-27.105421	0.335959
-27.075415	0.335901
-27.045409	0.335843
-27.015403	0.335785
-26.985397	0.335728
-26.955391	0.335670
-26.925385	0.335612
-26.895379	0.335555
-26.865373	0.335497
-26.835367	0.335440
-26.805361	0.335382
-26.775355	0.335325
-26.745349	0.335268
-26.715343	0.335211
-26.685337	0.335154
-26.655331	0.335097
-26.625325	0.335040
-26.595319	0.334983
-26.565313	0.334926
-26.535307	0.334870
-26.505301	0.334813
-26.475295	0.334757
-26.445289	0.334700
-26.415283	0.334644
-26.385277	0.334588
-26.355271	0.334532
-26.325265	0.334475
-26.295259	0.334419
-26.265253	0.334364
-26.235247	0.334308
-26.205241	0.334252
-26.175235	0.334196
-26.145229	0.334141
-26.115223	0.334085
-26.085217	0.334030
-26.055211	0.333974
-26.025205	0.333919
-25.995199	0.333864
-25.965193	0.333808
-25.935187	0.333753
-25.905181	0.333698
-25.875175	0.333644
-25.845169	0.333589
-25.815163	0.333534
-25.785157	0.333479
-25.755151	0.333425
-25.725145	0.333370
-25.695139	0.333316
-25.665133	0.333262
-25.635127	0.333207
-25.605121	0.333153
-25.575115	0.333099
-25.545109	0.333045
-25.515103	0.332991
-25.485097	0.332938
-25.455091	0.332884
-25.425085	0.332830
-25.395079	0.332777
-25.365073	0.332723
-25.335067	0.332670
-25.305061	0.332617
-25.275055	0.332563
-25.245049	0.332510
-25.215043	0.332457
-25.185037	0.332404
-25.155031	0.332351
-25.125025	0.332299
-25.095019	0.332246
-25.065013	0.332193
-25.035007	0.332141
-25.005001	0.332089
-24.974995	0.332036
-24.944989	0.331984
-24.914983	0.331932
-24.884977	0.331880
-24.854971	0.331828
-24.824965	0.331776
-24.794959	0.331724
-24.764953	0.331673
-24.734947	0.331621
-24.704941	0.331569
-24.674935	0.331518
-24.644929	0.331467
-24.614923	0.331415
-24.584917	0.331364
-24.554911	0.331313
-24.524905	0.331262
-24.494899	0.331211
-24.464893	0.331161
-24.434887	0.331110
-24.404881	0.331059
-24.374875	0.331009
-24.344869	0.330959
-24.314863	0.330908
-24.284857	0.330858
-24.254851	0.330808
-24.224845	0.330758
-24.194839	0.330708
-24.164833	0.330658
-24.134827	0.330609
-24.104821	0.330559
-24.074815	0.330509
-24.044809	0.330460
-24.014803	0.330411
-23.984797	0.330361
-23.954791	0.330312
-23.924785	0.330263
-23.894779	0.330214
-23.864773	0.330165
-23.834767	0.330117
-23.804761	0.330068
-23.774755	0.330019
-23.744749	0.329971
-23.714743	0.329923
-23.684737	0.329874
-23.654731	0.329826
-23.624725	0.329778
-23.594719	0.329730
-23.564713	0.329682
-23.534707	0.329635
-23.504701	0.329587
-23.474695	0.329539
-23.444689	0.329492
-23.414683	0.329444
-23.384677	0.329397
-23.354671	0.329350
-23.324665	0.329303
-23.294659	0.329256
-23.264653	0.329209
-23.234647	0.329163
-23.204641	0.329116
-23.174635	0.329069
-23.144629	0.329023
-23.114623	0.328977
-23.084617	0.328930
-23.054611	0.328884
-23.024605	0.328838
-22.994599	0.328792
-22.964593	0.328747
-22.934587	0.328701
-22.904581	0.328655
-22.874575	0.328610
-22.844569	0.328564
-22.814563	0.328519
-22.784557	0.328474
-22.754551	0.328429
-22.724545	0.328384
-22.694539	0.328339
-22.664533	0.328295
-22.634527	0.328250
-22.604521	0.328205
-22.574515	0.328161
-22.544509	0.328117
-22.514503	0.328073
-22.484497	0.328028
-22.454491	0.327984
-22.424485	0.327941
-22.394479	0.327897
-22.364473	0.327853
-22.334467	0.327810
-22.304461	0.327766
-22.274455	0.327723
-22.244449	0.327680
-22.214443	0.327637
-22.184437	0.327594
-22.154431	0.327551
-22.124425	0.327508
-22.094419	0.327466
-22.064413	0.327423
-22.034407	0.327381
-22.004401	0.327338
-21.974395	0.327296
-21.944389	0.327254
-21.914383	0.327212
-21.884377	0.327171
-21.854371	0.327129
-21.824365	0.327087
-21.794359	0.327046
-21.764353	0.327004
-21.734347	0.326963
-21.704341	0.326922
-21.674335	0.326881
-21.644329	0.326840
-21.614323	0.326799
-21.584317	0.326759
-21.554311	0.326718
-21.524305	0.326678
-21.494299	0.326637
-21.464293	0.326597
-21.434287	0.326557
-21.404281	0.326517
-21.374275	0.326477
-21.344269	0.326438
-21.314263	0.326398
-21.284257	0.326359
-21.254251	0.326319
-21.224245	0.326280
-21.194239	0.326241
-21.164233	0.326202
-21.134227	0.326163
-21.104221	0.326125
-21.074215	0.326086
-21.044209	0.326047
-21.014203	0.326009
-20.984197	0.325971
-20.954191	0.325933
-20.924185	0.325895
-20.894179	0.325857
-20.864173	0.325819
-20.834167	0.325782
-20.804161	0.325744
-20.774155	0.325707
-20.744149	0.325669
-20.714143	0.325632
-20.684137	0.325595
-20.654131	0.325559
-20.624125	0.325522
-20.594119	0.325485
-20.564113	0.325449
-20.534107	0.325412
-20.504101	0.325376
-20.474095	0.325340
-20.444089	0.325304
-20.414083	0.325268
-20.384077	0.325233
-20.354071	0.325197
-20.324065	0.325162
-20.294059	0.325126
-20.264053	0.325091
-20.234047	0.325056
-20.204041	0.325021
-20.174035	0.324986
-20.144029	0.324952
-20.114023	0.324917
-20.084017	0.324883
-20.054011	0.324849
-20.024005	0.324814
-19.993999	0.324780
-19.963993	0.324747
-19.933987	0.324713
-19.903981	0.324679
-19.873975	0.324646
-19.843969	0.324613
-19.813963	0.324579
-19.783957	0.324546
-19.753951	0.324513
-19.723945	0.324481
-19.693939	0.324448
-19.663933	0.324415
-19.633927	0.324383
-19.603921	0.324351
-19.573915	0.324319
-19.543909	0.324287
-19.513903	0.324255
-19.483897	0.324223
-19.453891	0.324192
-19.423885	0.324160
-19.393879	0.324129
-19.363873	0.324098
-19.333867	0.324067
-19.303861	0.324036
-19.273855	0.324006
-19.243849	0.323975
-19.213843	0.323945
-19.183837	0.323914
-19.153831	0.323884
-19.123825	0.323854
-19.093819	0.323824
-19.063813	0.323795
-19.033807	0.323765
-19.003801	0.323736
-18.973795	0.323707
-18.943789	0.323677
-18.913783	0.323648
-18.883777	0.323620
-18.853771	0.323591
-18.823765	0.323562
-18.793759	0.323534
-18.763753	0.323506
-18.733747	0.323478
-18.703741	0.323450
-18.673735	0.323422
-18.643729	0.323394
-18.613723	0.323367
-18.583717	0.323339
-18.553711	0.323312
-18.523705	0.323285
-18.493699	0.323258
-18.463693	0.323231
-18.433687	0.323205
-18.403681	0.323178
-18.373675	0.323152
-18.343669	0.323126
-18.313663	0.323100
-18.283657	0.323074
-18.253651	0.323048
-18.223645	0.323023
-18.193639	0.322997
-18.163633	0.322972
-18.133627	0.322947
-18.103621	0.322922
-18.073615	0.322897
-18.043609	0.322873
-18.013603	0.322848
-17.983597	0.322824
-17.953591	0.322800
-17.923585	0.322776
-17.893579	0.322752
-17.863573	0.322728
-17.833567	0.322705
-17.803561	0.322681
-17.773555	0.322658
-17.743549	0.322635
-17.713543	0.322612
-17.683537	0.322589
-17.653531	0.322567
-17.623525	0.322544
-17.593519	0.322522
-17.563513	0.322500
-17.533507	0.322478
-17.503501	0.322456
-17.473495	0.322435
-17.443489	0.322413
-17.413483	0.322392
-17.383477	0.322371
-17.353471	0.322350
-17.323465	0.322329
-17.293459	0.322309
-17.263453	0.322288
-17.233447	0.322268
-17.203441	0.322248
-17.173435	0.322228
-17.143429	0.322208
-17.113423	0.322188
-17.083417	0.322169
-17.053411	0.322149
-17.023405	0.322130
-16.993399	0.322111
-16.963393	0.322092
-16.933387	0.322074
-16.903381	0.322055
-16.873375	0.322037
-16.843369	0.322019
-16.813363	0.322001
-16.783357	0.321983
-16.753351	0.321965
-16.723345	0.321948
-16.693339	0.321931
-16.663333	0.321914
-16.633327	0.321897
-16.603321	0.321880
-16.573315	0.321863
-16.543309	0.321847
-16.513303	0.321830
-16.483297	0.321814
-16.453291	0.321799
-16.423285	0.321783
-16.393279	0.321767
-16.363273	0.321752
-16.333267	0.321737
-16.303261	0.321722
-16.273255	0.321707
-16.243249	0.321692
-16.213243	0.321678
-16.183237	0.321663
-16.153231	0.321649
-16.123225	0.321635
-16.093219	0.321621
-16.063213	0.321608
-16.033207	0.321594
-16.003201	0.321581
-15.973195	0.321568
-15.943189	0.321555
-15.913183	0.321542
-15.883177	0.321530
-15.853171	0.321517
-15.823165	0.321505
-15.793159	0.321493
-15.763153	0.321482
-15.733147	0.321470
-15.703141	0.321458
-15.673135	0.321447
-15.643129	0.321436
-15.613123	0.321425
-15.583117	0.321415
-15.553111	0.321404
-15.523105	0.321394
-15.493099	0.321384
-15.463093	0.321374
-15.433087	0.321364
-15.403081	0.321354
-15.373075	0.321345
-15.343069	0.321336
-15.313063	0.321327
-15.283057	0.321318
-15.253051	0.321309
-15.223045	0.321301
-15.193039	0.321293
-15.163033	0.321285
-15.133027	0.321277
-15.103021	0.321269
-15.073015	0.321262
-15.043009	0.321254
-15.013003	0.321247
-14.982997	0.321240
-14.952991	0.321234
-14.922985	0.321227
-14.892979	0.321221
-14.862973	0.321215
-14.832967	0.321209
-14.802961	0.321203
-14.772955	0.321197
-14.742949	0.321192
-14.712943	0.321187
-14.682937	0.321182
-14.652931	0.321177
-14.622925	0.321173
-14.592919	0.321168
-14.562913	0.321164
-14.532907	0.321160
-14.502901	0.321157
-14.472895	0.321153
-14.442889	0.321150
-14.412883	0.321146
-14.382877	0.321144
-14.352871	0.321141
-14.322865	0.321138
-14.292859	0.321136
-14.262853	0.321134
-14.232847	0.321132
-14.202841	0.321130
-14.172835	0.321129
-14.142829	0.321127
-14.112823	0.321126
-14.082817	0.321125
-14.052811	0.321125
-14.022805	0.321124
-13.992799	0.321124
-13.962793	0.321124
-13.932787	0.321124
-13.902781	0.321124
-13.872775	0.321125
-13.842769	0.321126
-13.812763	0.321127
-13.782757	0.321128
-13.752751	0.321129
-13.722745	0.321131
-13.692739	0.321133
-13.662733	0.321135
-13.632727	0.321137
-13.602721	0.321139
-13.572715	0.321142
-13.542709	0.321145
-13.512703	0.321148
-13.482697	0.321151
-13.452691	0.321155
-13.422685	0.321159
-13.392679	0.321163
-13.362673	0.321167
-13.332667	0.321171
-13.302661	0.321176
-13.272655	0.321181
-13.242649	0.321186
-13.212643	0.321191
-13.182637	0.321197
-13.152631	0.321202
-13.122625	0.321208
-13.092619	0.321214
-13.062613	0.321221
-13.032607	0.321227
-13.002601	0.321234
-12.972595	0.321241
-12.942589	0.321249
-12.912583	0.321256
-12.882577	0.321264
-12.852571	0.321272
-12.822565	0.321280
-12.792559	0.321288
-12.762553	0.321297
-12.732547	0.321306
-12.702541	0.321315
-12.672535	0.321324
-12.642529	0.321334
-12.612523	0.321344
-12.582517	0.321354
-12.552511	0.321364
-12.522505	0.321374
-12.492498	0.321385
-12.462492	0.321396
-12.432486	0.321407
-12.402480	0.321418
-12.372474	0.321430
-12.342468	0.321442
-12.312462	0.321454
-12.282456	0.321466
-12.252450	0.321479
-12.222444	0.321492
-12.192438	0.321505
-12.162432	0.321518
-12.132426	0.321531
-12.102420	0.321545
-12.072414	0.321559
-12.042408	0.321573
-12.012402	0.321588
-11.982396	0.321602
-11.952390	0.321617
-11.922384	0.321632
-11.892378	0.321648
-11.862372	0.321663
-11.832366	0.321679
-11.802360	0.321695
-11.772354	0.321712
-11.742348	0.321728
-11.712342	0.321745
-11.682336	0.321762
-11.652330	0.321780
-11.622324	0.321797
-11.592318	0.321815
-11.562312	0.321833
-11.532306	0.321852
-11.502300	0.321870
-11.472294	0.321889
-11.442288	0.321908
-11.412282	0.321927
-11.382276	0.321947
-11.352270	0.321967
-11.322264	0.321987
-11.292258	0.322007
-11.262252	0.322028
-11.232246	0.322048
-11.202240	0.322070
-11.172234	0.322091
-11.142228	0.322112
-11.112222	0.322134
-11.082216	0.322156
-11.052210	0.322179
-11.022204	0.322201
-10.992198	0.322224
-10.962192	0.322247
-10.932186	0.322271
-10.902180	0.322294
-10.872174	0.322318
-10.842168	0.322342
-10.812162	0.322367
-10.782156	0.322391
-10.752150	0.322416
-10.722144	0.322441
-10.692138	0.322467
-10.662132	0.322492
-10.632126	0.322518
-10.602120	0.322545
-10.572114	0.322571
-10.542108	0.322598
-10.512102	0.322625
-10.482096	0.322652
-10.452090	0.322680
-10.422084	0.322707
-10.392078	0.322736
-10.362072	0.322764
-10.332066	0.322792
-10.302060	0.322821
-10.272054	0.322850
-10.242048	0.322880
-10.212042	0.322910
-10.182036	0.322939
-10.152030	0.322970
-10.122024	0.323000
-10.092018	0.323031
-10.062012	0.323062
-10.032006	0.323093
-10.002000	0.323125
-9.971994	0.323157
-9.941988	0.323189
-9.911982	0.323221
-9.881976	0.323254
-9.851970	0.323287
-9.821964	0.323320
-9.791958	0.323354
-9.761952	0.323387
-9.731946	0.323421
-9.701940	0.323456
-9.671934	0.323490
-9.641928	0.323525
-9.611922	0.323560
-9.581916	0.323596
-9.551910	0.323632
-9.521904	0.323668
-9.491898	0.323704
-9.461892	0.323740
-9.431886	0.323777
-9.401880	0.323815
-9.371874	0.323852
-9.341868	0.323890
-9.311862	0.323928
-9.281856	0.323966
-9.251850	0.324005
-9.221844	0.324043
-9.191838	0.324083
-9.161832	0.324122
-9.131826	0.324162
-9.101820	0.324202
-9.071814	0.324242
-9.041808	0.324283
-9.011802	0.324324
-8.981796	0.324365
-8.951790	0.324406
-8.921784	0.324448
-8.891778	0.324490
-8.861772	0.324532
-8.831766	0.324575
-8.801760	0.324618
-8.771754	0.324661
-8.741748	0.324705
-8.711742	0.324749
-8.681736	0.324793
-8.651730	0.324837
-8.621724	0.324882
-8.591718	0.324927
-8.561712	0.324972
-8.531706	0.325018
-8.501700	0.325064
-8.471694	0.325110
-8.441688	0.325157
-8.411682	0.325204
-8.381676	0.325251
-8.351670	0.325298
-8.321664	0.325346
-8.291658	0.325394
-8.261652	0.325442
-8.231646	0.325491
-8.201640	0.325540
-8.171634	0.325589
-8.141628	0.325639
-8.111622	0.325689
-8.081616	0.325739
-8.051610	0.325790
-8.021604	0.325840
-7.991598	0.325892
-7.961592	0.325943
-7.931586	0.325995
-7.901580	0.326047
-7.871574	0.326099
-7.841568	0.326152
-7.811562	0.326205
-7.781556	0.326258
-7.751550	0.326312
-7.721544	0.326366
-7.691538	0.326420
-7.661532	0.326475
-7.631526	0.326530
-7.601520	0.326585
-7.571514	0.326641
-7.541508	0.326696
-7.511502	0.326753
-7.481496	0.326809
-7.451490	0.326866
-7.421484	0.326923
-7.391478	0.326981
-7.361472	0.327039
-7.331466	0.327097
-7.301460	0.327155
-7.271454	0.327214
-7.241448	0.327273
-7.211442	0.327333
-7.181436	0.327392
-7.151430	0.327452
-7.121424	0.327513
-7.091418	0.327574
-7.061412	0.327635
-7.031406	0.327696
-7.001400	0.327758
-6.971394	0.327820
-6.941388	0.327882
-6.911382	0.327945
-6.881376	0.328008
-6.851370	0.328072
-6.821364	0.328135
-6.791358	0.328200
-6.761352	0.328264
-6.731346	0.328329
-6.701340	0.328394
-6.671334	0.328459
-6.641328	0.328525
-6.611322	0.328591
-6.581316	0.328658
-6.551310	0.328724
-6.521304	0.328792
-6.491298	0.328859
-6.461292	0.328927
-6.431286	0.328995
-6.401280	0.329064
-6.371274	0.329132
-6.341268	0.329202
-6.311262	0.329271
-6.281256	0.329341
-6.251250	0.329411
-6.221244	0.329482
-6.191238	0.329553
-6.161232	0.329624
-6.131226	0.329696
-6.101220	0.329768
-6.071214	0.329840
-6.041208	0.329913
-6.011202	0.329986
-5.981196	0.330059
-5.951190	0.330133
-5.921184	0.330207
-5.891178	0.330282
-5.861172	0.330356
-5.831166	0.330431
-5.801160	0.330507
-5.771154	0.330583
-5.741148	0.330659
-5.711142	0.330736
-5.681136	0.330813
-5.651130	0.330890
-5.621124	0.330968
-5.591118	0.331046
-5.561112	0.331124
-5.531106	0.331203
-5.501100	0.331282
-5.471094	0.331361
-5.441088	0.331441
-5.411082	0.331522
-5.381076	0.331602
-5.351070	0.331683
-5.321064	0.331764
-5.291058	0.331846
-5.261052	0.331928
-5.231046	0.332011
-5.201040	0.332093
-5.171034	0.332177
-5.141028	0.332260
-5.111022	0.332344
-5.081016	0.332428
-5.051010	0.332513
-5.021004	0.332598
-4.990998	0.332683
-4.960992	0.332769
-4.930986	0.332855
-4.900980	0.332942
-4.870974	0.333029
-4.840968	0.333116
-4.810962	0.333204
-4.780956	0.333292
-4.750950	0.333380
-4.720944	0.333469
-4.690938	0.333558
-4.660932	0.333648
-4.630926	0.333738
-4.600920	0.333828
-4.570914	0.333919
-4.540908	0.334010
-4.510902	0.334101
-4.480896	0.334193
-4.450890	0.334285
-4.420884	0.334378
-4.390878	0.334471
-4.360872	0.334564
-4.330866	0.334658
-4.300860	0.334752
-4.270854	0.334847
-4.240848	0.334942
-4.210842	0.335037
-4.180836	0.335133
-4.150830	0.335229
-4.120824	0.335326
-4.090818	0.335423
-4.060812	0.335520
-4.030806	0.335618
-4.000800	0.335716
-3.970794	0.335814
-3.940788	0.335913
-3.910782	0.336013
-3.880776	0.336112
-3.850770	0.336212
-3.820764	0.336313
-3.790758	0.336414
-3.760752	0.336515
-3.730746	0.336617
-3.700740	0.336719
-3.670734	0.336822
-3.640728	0.336924
-3.610722	0.337028
-3.580716	0.337132
-3.550710	0.337236
-3.520704	0.337340
-3.490698	0.337445
-3.460692	0.337551
-3.430686	0.337656
-3.400680	0.337763
-3.370674	0.337869
-3.340668	0.337976
-3.310662	0.338084
-3.280656	0.338191
-3.250650	0.338300
-3.220644	0.338408
-3.190638	0.338518
-3.160632	0.338627
-3.130626	0.338737
-3.100620	0.338847
-3.070614	0.338958
-3.040608	0.339069
-3.010602	0.339181
-2.980596	0.339293
-2.950590	0.339405
-2.920584	0.339518
-2.890578	0.339631
-2.860572	0.339745
-2.830566	0.339859
-2.800560	0.339974
-2.770554	0.340089
-2.740548	0.340204
-2.710542	0.340320
-2.680536	0.340436
-2.650530	0.340553
-2.620524	0.340670
-2.590518	0.340787
-2.560512	0.340905
-2.530506	0.341024
-2.500500	0.341143
-2.470494	0.341262
-2.440488	0.341382
-2.410482	0.341502
-2.380476	0.341622
-2.350470	0.341743
-2.320464	0.341865
-2.290458	0.341986
-2.260452	0.342109
-2.230446	0.342231
-2.200440	0.342355
-2.170434	0.342478
-2.140428	0.342602
-2.110422	0.342727
-2.080416	0.342852
-2.050410	0.342977
-2.020404	0.343103
-1.990398	0.343229
-1.960392	0.343356
-1.930386	0.343483
-1.900380	0.343611
-1.870374	0.343739
-1.840368	0.343867
-1.810362	0.343996
-1.780356	0.344125
-1.750350	0.344255
-1.720344	0.344385
-1.690338	0.344516
-1.660332	0.344647
-1.630326	0.344779
-1.600320	0.344911
-1.570314	0.345043
-1.540308	0.345176
-1.510302	0.345310
-1.480296	0.345444
-1.450290	0.345578
-1.420284	0.345713
-1.390278	0.345848
-1.360272	0.345984
-1.330266	0.346120
-1.300260	0.346257
-1.270254	0.346394
-1.240248	0.346531
-1.210242	0.346669
-1.180236	0.346808
-1.150230	0.346947
-1.120224	0.347086
-1.090218	0.347226
-1.060212	0.347366
-1.030206	0.347507
-1.000200	0.347648
-0.970194	0.347790
-0.940188	0.347932
-0.910182	0.348075
-0.880176	0.348218
-0.850170	0.348362
-0.820164	0.348506
-0.790158	0.348650
-0.760152	0.348795
-0.730146	0.348941
-0.700140	0.349087
-0.670134	0.349233
-0.640128	0.349380
-0.610122	0.349527
-0.580116	0.349675
-0.550110	0.349823
-0.520104	0.349972
-0.490098	0.350121
-0.460092	0.350271
-0.430086	0.350421
-0.400080	0.350572
-0.370074	0.350723
-0.340068	0.350875
-0.310062	0.351027
-0.280056	0.351180
-0.250050	0.351333
-0.220044	0.351486
-0.190038	0.351641
-0.160032	0.351795
-0.130026	0.351950
-0.100020	0.352106
-0.070014	0.352262
-0.040008	0.352418
-0.010002	0.352575
0.020004	0.352733
0.050010	0.352891
0.080016	0.353049
0.110022	0.353208
0.140028	0.353368
0.170034	0.353528
0.200040	0.353688
0.230046	0.353849
0.260052	0.354010
0.290058	0.354172
0.320064	0.354335
0.350070	0.354498
0.380076	0.354661
0.410082	0.354825
0.440088	0.354989
0.470094	0.355154
0.500100	0.355320
0.530106	0.355486
0.560112	0.355652
0.590118	0.355819
0.620124	0.355986
0.650130	0.356154
0.680136	0.356323
0.710142	0.356492
0.740148	0.356661
0.770154	0.356831
0.800160	0.357001
0.830166	0.357172
0.860172	0.357344
0.890178	0.357516
0.920184	0.357688
0.950190	0.357861
0.980196	0.358035
1.010202	0.358209
1.040208	0.358383
1.070214	0.358558
1.100220	0.358734
1.130226	0.358910
1.160232	0.359086
1.190238	0.359264
1.220244	0.359441
1.250250	0.359619
1.280256	0.359798
1.310262	0.359977
1.340268	0.360157
1.370274	0.360337
1.400280	0.360518
1.430286	0.360699
1.460292	0.360881
1.490298	0.361063
1.520304	0.361246
1.550310	0.361429
1.580316	0.361613
1.610322	0.361797
1.640328	0.361982
1.670334	0.362168
1.700340	0.362354
1.730346	0.362540
1.760352	0.362727
1.790358	0.362915
1.820364	0.363103
1.850370	0.363291
1.880376	0.363480
1.910382	0.363670
1.940388	0.363860
1.970394	0.364051
2.000400	0.364242
2.030406	0.364434
2.060412	0.364626
2.090418	0.364819
2.120424	0.365013
2.150430	0.365206
2.180436	0.365401
2.210442	0.365596
2.240448	0.365791
2.270454	0.365988
2.300460	0.366184
2.330466	0.366381
2.360472	0.366579
2.390478	0.366777
2.420484	0.366976
2.450490	0.367175
2.480496	0.367375
2.510502	0.367575
2.540508	0.367776
2.570514	0.367978
2.600520	0.368180
2.630526	0.368383
2.660532	0.368586
2.690538	0.368789
2.720544	0.368994
2.750550	0.369198
2.780556	0.369404
2.810562	0.369609
2.840568	0.369816
2.870574	0.370023
2.900580	0.370230
2.930586	0.370438
2.960592	0.370647
2.990598	0.370856
3.020604	0.371066
3.050610	0.371276
3.080616	0.371487
3.110622	0.371698
3.140628	0.371910
3.170634	0.372123
3.200640	0.372336
3.230646	0.372549
3.260652	0.372764
3.290658	0.372978
3.320664	0.373194
3.350670	0.373409
3.380676	0.373626
3.410682	0.373843
3.440688	0.374060
3.470694	0.374278
3.500700	0.374497
3.530706	0.374716
3.560712	0.374936
3.590718	0.375156
3.620724	0.375377
3.650730	0.375599
3.680736	0.375821
3.710742	0.376043
3.740748	0.376266
3.770754	0.376490
3.800760	0.376714
3.830766	0.376939
3.860772	0.377165
3.890778	0.377391
3.920784	0.377617
3.950790	0.377844
3.980796	0.378072
4.010802	0.378300
4.040808	0.378529
4.070814	0.378758
4.100820	0.378988
4.130826	0.379219
4.160832	0.379450
4.190838	0.379682
4.220844	0.379914
4.250850	0.380147
4.280856	0.380380
4.310862	0.380614
4.340868	0.380849
4.370874	0.381084
4.400880	0.381320
4.430886	0.381556
4.460892	0.381793
4.490898	0.382031
4.520904	0.382269
4.550910	0.382507
4.580916	0.382746
4.610922	0.382986
4.640928	0.383226
4.670934	0.383467
4.700940	0.383709
4.730946	0.383951
4.760952	0.384194
4.790958	0.384437
4.820964	0.384681
4.850970	0.384925
4.880976	0.385170
4.910982	0.385416
4.940988	0.385662
4.970994	0.385909
5.001000	0.386156
5.031006	0.386404
5.061012	0.386653
5.091018	0.386902
5.121024	0.387152
5.151030	0.387402
5.181036	0.387653
5.211042	0.387904
5.241048	0.388156
5.271054	0.388409
5.301060	0.388662
5.331066	0.388916
5.361072	0.389170
5.391078	0.389425
5.421084	0.389681
5.451090	0.389937
5.481096	0.390194
5.511102	0.390451
5.541108	0.390709
5.571114	0.390968
5.601120	0.391227
5.631126	0.391487
5.661132	0.391747
5.691138	0.392008
5.721144	0.392270
5.751150	0.392532
5.781156	0.392794
5.811162	0.393058
5.841168	0.393322
5.871174	0.393586
5.901180	0.393851
5.931186	0.394117
5.961192	0.394383
5.991198	0.394650
6.021204	0.394918
6.051210	0.395186
6.081216	0.395454
6.111222	0.395724
6.141228	0.395993
6.171234	0.396264
6.201240	0.396535
6.231246	0.396807
6.261252	0.397079
6.291258	0.397352
6.321264	0.397625
6.351270	0.397899
6.381276	0.398174
6.411282	0.398449
6.441288	0.398725
6.471294	0.399002
6.501300	0.399279
6.531306	0.399556
6.561312	0.399835
6.591318	0.400114
6.621324	0.400393
6.651330	0.400673
6.681336	0.400954
6.711342	0.401235
6.741348	0.401517
6.771354	0.401800
6.801360	0.402083
6.831366	0.402366
6.861372	0.402651
6.891378	0.402936
6.921384	0.403221
6.951390	0.403507
6.981396	0.403794
7.011402	0.404081
7.041408	0.404369
7.071414	0.404658
7.101420	0.404947
7.131426	0.405237
7.161432	0.405527
7.191438	0.405818
7.221444	0.406110
7.251450	0.406402
7.281456	0.406694
7.311462	0.406988
7.341468	0.407282
7.371474	0.407576
7.401480	0.407872
7.431486	0.408167
7.461492	0.408464
7.491498	0.408761
7.521504	0.409059
7.551510	0.409357
7.581516	0.409656
7.611522	0.409955
7.641528	0.410255
7.671534	0.410556
7.701540	0.410857
7.731546	0.411159
7.761552	0.411461
7.791558	0.411764
7.821564	0.412068
7.851570	0.412372
7.881576	0.412677
7.911582	0.412983
7.941588	0.413289
7.971594	0.413596
8.001600	0.413903
8.031606	0.414211
8.061612	0.414519
8.091618	0.414829
8.121624	0.415138
8.151630	0.415449
8.181636	0.415760
8.211642	0.416071
8.241648	0.416383
8.271654	0.416696
8.301660	0.417010
8.331666	0.417324
8.361672	0.417638
8.391678	0.417953
8.421684	0.418269
8.451690	0.418586
8.481696	0.418903
8.511702	0.419220
8.541708	0.419539
8.571714	0.419857
8.601720	0.420177
8.631726	0.420497
8.661732	0.420818
8.691738	0.421139
8.721744	0.421461
8.751750	0.421783
8.781756	0.422106
8.811762	0.422430
8.841768	0.422754
8.871774	0.423079
8.901780	0.423404
8.931786	0.423731
8.961792	0.424057
8.991798	0.424385
9.021804	0.424712
9.051810	0.425041
9.081816	0.425370
9.111822	0.425700
9.141828	0.426030
9.171834	0.426361
9.201840	0.426692
9.231846	0.427025
9.261852	0.427357
9.291858	0.427691
9.321864	0.428024
9.351870	0.428359
9.381876	0.428694
9.411882	0.429030
9.441888	0.429366
9.471894	0.429703
9.501900	0.430040
9.531906	0.430378
9.561912	0.430717
9.591918	0.431056
9.621924	0.431396
9.651930	0.431737
9.681936	0.432078
9.711942	0.432419
9.741948	0.432762
9.771954	0.433105
9.801960	0.433448
9.831966	0.433792
9.861972	0.434137
9.891978	0.434482
9.921984	0.434828
9.951990	0.435174
9.981996	0.435521
10.012002	0.435869
10.042008	0.436217
10.072014	0.436566
10.102020	0.436915
10.132026	0.437265
10.162032	0.437616
10.192038	0.437967
10.222044	0.438318
10.252050	0.438671
10.282056	0.439024
10.312062	0.439377
10.342068	0.439731
10.372074	0.440086
10.402080	0.440441
10.432086	0.440797
10.462092	0.441153
10.492098	0.441510
10.522104	0.441868
10.552110	0.442226
10.582116	0.442585
10.612122	0.442944
10.642128	0.443304
10.672134	0.443664
10.702140	0.444025
10.732146	0.444387
10.762152	0.444749
10.792158	0.445112
10.822164	0.445475
10.852170	0.445839
10.882176	0.446204
10.912182	0.446569
10.942188	0.446934
10.972194	0.447300
11.002200	0.447667
11.032206	0.448035
11.062212	0.448403
11.092218	0.448771
11.122224	0.449140
11.152230	0.449510
11.182236	0.449880
11.212242	0.450251
11.242248	0.450622
11.272254	0.450994
11.302260	0.451366
11.332266	0.451739
11.362272	0.452113
11.392278	0.452487
11.422284	0.452862
11.452290	0.453237
11.482296	0.453613
11.512302	0.453989
11.542308	0.454366
11.572314	0.454744
11.602320	0.455122
11.632326	0.455500
11.662332	0.455880
11.692338	0.456259
11.722344	0.456640
11.752350	0.457020
11.782356	0.457402
11.812362	0.457784
11.842368	0.458166
11.872374	0.458549
11.902380	0.458933
11.932386	0.459317
11.962392	0.459701
11.992398	0.460087
12.022404	0.460472
12.052410	0.460859
12.082416	0.461245
12.112422	0.461633
12.142428	0.462021
12.172434	0.462409
12.202440	0.462798
12.232446	0.463188
12.262452	0.463578
12.292458	0.463968
12.322464	0.464359
12.352470	0.464751
12.382476	0.465143
12.412482	0.465536
12.442488	0.465929
12.472494	0.466323
12.502501	0.466717
12.532507	0.467112
12.562513	0.467507
12.592519	0.467903
12.622525	0.468300
12.652531	0.468696
12.682537	0.469094
12.712543	0.469492
12.742549	0.469890
12.772555	0.470289
12.802561	0.470689
12.832567	0.471089
12.862573	0.471489
12.892579	0.471890
12.922585	0.472292
12.952591	0.472694
12.982597	0.473096
13.012603	0.473499
13.042609	0.473903
13.072615	0.474307
13.102621	0.474711
13.132627	0.475117
13.162633	0.475522
13.192639	0.475928
13.222645	0.476335
13.252651	0.476742
13.282657	0.477149
13.312663	0.477557
13.342669	0.477966
13.372675	0.478375
13.402681	0.478784
13.432687	0.479194
13.462693	0.479605
13.492699	0.480016
13.522705	0.480427
13.552711	0.480839
13.582717	0.481251
13.612723	0.481664
13.642729	0.482078
13.672735	0.482491
13.702741	0.482906
13.732747	0.483321
13.762753	0.483736
13.792759	0.484152
13.822765	0.484568
13.852771	0.484984
13.882777	0.485401
13.912783	0.485819
13.942789	0.486237
13.972795	0.486656
14.002801	0.487075
14.032807	0.487494
14.062813	0.487914
14.092819	0.488334
14.122825	0.488755
14.152831	0.489176
14.182837	0.489598
14.212843	0.490020
14.242849	0.490442
14.272855	0.490865
14.302861	0.491289
14.332867	0.491713
14.362873	0.492137
14.392879	0.492562
14.422885	0.492987
14.452891	0.493413
14.482897	0.493839
14.512903	0.494265
14.542909	0.494692
14.572915	0.495120
14.602921	0.495547
14.632927	0.495976
14.662933	0.496404
14.692939	0.496833
14.722945	0.497263
14.752951	0.497693
14.782957	0.498123
14.812963	0.498554
14.842969	0.498985
14.872975	0.499416
14.902981	0.499848
14.932987	0.500281
14.962993	0.500713
14.992999	0.501147
15.023005	0.501580
15.053011	0.502014
15.083017	0.502448
15.113023	0.502883
15.143029	0.503318
15.173035	0.503754
15.203041	0.504190
15.233047	0.504626
15.263053	0.505063
15.293059	0.505500
15.323065	0.505937
15.353071	0.506375
15.383077	0.506813
15.413083	0.507252
15.443089	0.507691
15.473095	0.508130
15.503101	0.508570
15.533107	0.509010
15.563113	0.509450
15.593119	0.509891
15.623125	0.510332
15.653131	0.510774
15.683137	0.511216
15.713143	0.511658
15.743149	0.512101
15.773155	0.512544
15.803161	0.512987
15.833167	0.513431
15.863173	0.513874
15.893179	0.514319
15.923185	0.514763
15.953191	0.515208
15.983197	0.515654
16.013203	0.516100
16.043209	0.516546
16.073215	0.516992
16.103221	0.517439
16.133227	0.517886
16.163233	0.518333
16.193239	0.518780
16.223245	0.519228
16.253251	0.519677
16.283257	0.520125
16.313263	0.520574
16.343269	0.521023
16.373275	0.521473
16.403281	0.521923
16.433287	0.522373
16.463293	0.522823
16.493299	0.523274
16.523305	0.523725
16.553311	0.524176
16.583317	0.524628
16.613323	0.525080
16.643329	0.525532
16.673335	0.525985
16.703341	0.526437
16.733347	0.526890
16.763353	0.527344
16.793359	0.527797
16.823365	0.528251
16.853371	0.528705
16.883377	0.529160
16.913383	0.529615
16.943389	0.530069
16.973395	0.530525
17.003401	0.530980
17.033407	0.531436
17.063413	0.531892
17.093419	0.532348
17.123425	0.532805
17.153431	0.533261
17.183437	0.533718
17.213443	0.534176
17.243449	0.534633
17.273455	0.535091
17.303461	0.535549
17.333467	0.536007
17.363473	0.536465
17.393479	0.536924
17.423485	0.537383
17.453491	0.537842
17.483497	0.538301
17.513503	0.538761
17.543509	0.539221
17.573515	0.539681
17.603521	0.540141
17.633527	0.540601
17.663533	0.541062
17.693539	0.541523
17.723545	0.541984
17.753551	0.542445
17.783557	0.542906
17.813563	0.543368
17.843569	0.543830
17.873575	0.544292
17.903581	0.544754
17.933587	0.545216
17.963593	0.545679
17.993599	0.546141
18.023605	0.546604
18.053611	0.547067
18.083617	0.547531
18.113623	0.547994
18.143629	0.548458
18.173635	0.548921
18.203641	0.549385
18.233647	0.549849
18.263653	0.550314
18.293659	0.550778
18.323665	0.551242
18.353671	0.551707
18.383677	0.552172
18.413683	0.552637
18.443689	0.553102
18.473695	0.553567
18.503701	0.554033
18.533707	0.554498
18.563713	0.554964
18.593719	0.555429
18.623725	0.555895
18.653731	0.556361
18.683737	0.556828
18.713743	0.557294
18.743749	0.557760
18.773755	0.558227
18.803761	0.558693
18.833767	0.559160
18.863773	0.559627
18.893779	0.560094
18.923785	0.560561
18.953791	0.561028
18.983797	0.561495
19.013803	0.561962
19.043809	0.562430
19.073815	0.562897
19.103821	0.563365
19.133827	0.563832
19.163833	0.564300
19.193839	0.564768
19.223845	0.565235
19.253851	0.565703
19.283857	0.566171
19.313863	0.566639
19.343869	0.567107
19.373875	0.567576
19.403881	0.568044
19.433887	0.568512
19.463893	0.568980
19.493899	0.569449
19.523905	0.569917
19.553911	0.570386
19.583917	0.570854
19.613923	0.571323
19.643929	0.571791
19.673935	0.572260
19.703941	0.572728
19.733947	0.573197
19.763953	0.573666
19.793959	0.574134
19.823965	0.574603
19.853971	0.575072
19.883977	0.575541
19.913983	0.576009
19.943989	0.576478
19.973995	0.576947
20.004001	0.577416
20.034007	0.577884
20.064013	0.578353
20.094019	0.578822
20.124025	0.579291
20.154031	0.579759
20.184037	0.580228
20.214043	0.580697
20.244049	0.581165
20.274055	0.581634
20.304061	0.582103
20.334067	0.582571
20.364073	0.583040
20.394079	0.583508
20.424085	0.583977
20.454091	0.584445
20.484097	0.584914
20.514103	0.585382
20.544109	0.585850
20.574115	0.586318
20.604121	0.586787
20.634127	0.587255
20.664133	0.587723
20.694139	0.588191
20.724145	0.588659
20.754151	0.589127
20.784157	0.589595
20.814163	0.590062
20.844169	0.590530
20.874175	0.590998
20.904181	0.591465
20.934187	0.591933
20.964193	0.592400
20.994199	0.592867
21.024205	0.593334
21.054211	0.593801
21.084217	0.594268
21.114223	0.594735
21.144229	0.595202
21.174235	0.595669
21.204241	0.596135
21.234247	0.596602
21.264253	0.597068
21.294259	0.597534
21.324265	0.598000
21.354271	0.598466
21.384277	0.598932
21.414283	0.599398
21.444289	0.599864
21.474295	0.600329
21.504301	0.600794
21.534307	0.601260
21.564313	0.601725
21.594319	0.602190
21.624325	0.602654
21.654331	0.603119
21.684337	0.603583
21.714343	0.604048
21.744349	0.604512
21.774355	0.604976
21.804361	0.605440
21.834367	0.605904
21.864373	0.606367
21.894379	0.606830
21.924385	0.607294
21.954391	0.607757
21.984397	0.608219
22.014403	0.608682
22.044409	0.609144
22.074415	0.609607
22.104421	0.610069
22.134427	0.610531
22.164433	0.610992
22.194439	0.611454
22.224445	0.611915
22.254451	0.612376
22.284457	0.612837
22.314463	0.613298
22.344469	0.613758
22.374475	0.614219
22.404481	0.614679
22.434487	0.615139
22.464493	0.615598
22.494499	0.616058
22.524505	0.616517
22.554511	0.616976
22.584517	0.617435
22.614523	0.617893
22.644529	0.618351
22.674535	0.618809
22.704541	0.619267
22.734547	0.619725
22.764553	0.620182
22.794559	0.620639
22.824565	0.621096
22.854571	0.621553
22.884577	0.622009
22.914583	0.622465
22.944589	0.622921
22.974595	0.623376
23.004601	0.623832
23.034607	0.624287
23.064613	0.624741
23.094619	0.625196
23.124625	0.625650
23.154631	0.626104
23.184637	0.626557
23.214643	0.627011
23.244649	0.627464
23.274655	0.627917
23.304661	0.628369
23.334667	0.628821
23.364673	0.629273
23.394679	0.629725
23.424685	0.630176
23.454691	0.630627
23.484697	0.631078
23.514703	0.631529
23.544709	0.631979
23.574715	0.632428
23.604721	0.632878
23.634727	0.633327
23.664733	0.633776
23.694739	0.634225
23.724745	0.634673
23.754751	0.635121
23.784757	0.635568
23.814763	0.636016
23.844769	0.636463
23.874775	0.636909
23.904781	0.637355
23.934787	0.637801
23.964793	0.638247
23.994799	0.638692
24.024805	0.639137
24.054811	0.639582
24.084817	0.640026
24.114823	0.640470
24.144829	0.640913
24.174835	0.641356
24.204841	0.641799
24.234847	0.642242
24.264853	0.642684
24.294859	0.643125
24.324865	0.643567
24.354871	0.644008
24.384877	0.644448
24.414883	0.644889
24.444889	0.645329
24.474895	0.645768
24.504901	0.646207
24.534907	0.646646
24.564913	0.647084
24.594919	0.647522
24.624925	0.647960
24.654931	0.648397
24.684937	0.648834
24.714943	0.649270
24.744949	0.649707
24.774955	0.650142
24.804961	0.650577
24.834967	0.651012
24.864973	0.651447
24.894979	0.651881
24.924985	0.652314
24.954991	0.652748
24.984997	0.653180
25.015003	0.653613
25.045009	0.654045
25.075015	0.654476
25.105021	0.654908
25.135027	0.655338
25.165033	0.655769
25.195039	0.656199
25.225045	0.656628
25.255051	0.657057
25.285057	0.657486
25.315063	0.657914
25.345069	0.658342
25.375075	0.658769
25.405081	0.659196
25.435087	0.659623
25.465093	0.660049
25.495099	0.660474
25.525105	0.660899
25.555111	0.661324
25.585117	0.661748
25.615123	0.662172
25.645129	0.662595
25.675135	0.663018
25.705141	0.663441
25.735147	0.663863
25.765153	0.664284
25.795159	0.664706
25.825165	0.665126
25.855171	0.665546
25.885177	0.665966
25.915183	0.666385
25.945189	0.666804
25.975195	0.667222
26.005201	0.667640
26.035207	0.668058
26.065213	0.668475
26.095219	0.668891
26.125225	0.669307
26.155231	0.669722
26.185237	0.670137
26.215243	0.670552
26.245249	0.670966
26.275255	0.671379
26.305261	0.671793
26.335267	0.672205
26.365273	0.672617
26.395279	0.673029
26.425285	0.673440
26.455291	0.673851
26.485297	0.674261
26.515303	0.674670
26.545309	0.675080
26.575315	0.675488
26.605321	0.675896
26.635327	0.676304
26.665333	0.676711
26.695339	0.677118
26.725345	0.677524
26.755351	0.677930
26.785357	0.678335
26.815363	0.678739
26.845369	0.679143
26.875375	0.679547
26.905381	0.679950
26.935387	0.680353
26.965393	0.680755
26.995399	0.681156
27.025405	0.681557
27.055411	0.681958
27.085417	0.682358
27.115423	0.682757
27.145429	0.683156
27.175435	0.683555
27.205441	0.683953
27.235447	0.684350
27.265453	0.684747
27.295459	0.685143
27.325465	0.685539
27.355471	0.685934
27.385477	0.686329
27.415483	0.686723
27.445489	0.687117
27.475495	0.687510
27.505501	0.687902
27.535507	0.688295
27.565513	0.688686
27.595519	0.689077
27.625525	0.689467
27.655531	0.689857
27.685537	0.690247
27.715543	0.690636
27.745549	0.691024
27.775555	0.691412
27.805561	0.691799
27.835567	0.692185
27.865573	0.692571
27.895579	0.692957
27.925585	0.693342
27.955591	0.693726
27.985597	0.694110
28.015603	0.694494
28.045609	0.694876
28.075615	0.695259
28.105621	0.695640
28.135627	0.696021
28.165633	0.696402
28.195639	0.696782
28.225645	0.697161
28.255651	0.697540
28.285657	0.697919
28.315663	0.698296
28.345669	0.698674
28.375675	0.699050
28.405681	0.699426
28.435687	0.699802
28.465693	0.700177
28.495699	0.700551
28.525705	0.700925
28.555711	0.701298
28.585717	0.701671
28.615723	0.702043
28.645729	0.702415
28.675735	0.702786
28.705741	0.703156
28.735747	0.703526
28.765753	0.703895
28.795759	0.704264
28.825765	0.704632
28.855771	0.705000
28.885777	0.705366
28.915783	0.705733
28.945789	0.706099
28.975795	0.706464
29.005801	0.706829
29.035807	0.707193
29.065813	0.707556
29.095819	0.707919
29.125825	0.708282
29.155831	0.708643
29.185837	0.709005
29.215843	0.709365
29.245849	0.709725
29.275855	0.710085
29.305861	0.710444
29.335867	0.710802
29.365873	0.711160
29.395879	0.711517
29.425885	0.711873
29.455891	0.712229
29.485897	0.712585
29.515903	0.712939
29.545909	0.713294
29.575915	0.713647
29.605921	0.714000
29.635927	0.714353
29.665933	0.714705
29.695939	0.715056
29.725945	0.715407
29.755951	0.715757
29.785957	0.716106
29.815963	0.716455
29.845969	0.716804
29.875975	0.717151
29.905981	0.717498
29.935987	0.717845
29.965993	0.718191
29.995999	0.718536
30.026005	0.718881
30.056011	0.719226
30.086017	0.719569
30.116023	0.719912
30.146029	0.720255
30.176035	0.720597
30.206041	0.720938
30.236047	0.721278
30.266053	0.721619
30.296059	0.721958
30.326065	0.722297
30.356071	0.722635
30.386077	0.722973
30.416083	0.723310
30.446089	0.723647
30.476095	0.723983
30.506101	0.724318
30.536107	0.724653
30.566113	0.724987
30.596119	0.725320
30.626125	0.725653
30.656131	0.725986
30.686137	0.726318
30.716143	0.726649
30.746149	0.726979
30.776155	0.727310
30.806161	0.727639
30.836167	0.727968
30.866173	0.728296
30.896179	0.728624
30.926185	0.728951
30.956191	0.729277
30.986197	0.729603
31.016203	0.729928
31.046209	0.730253
31.076215	0.730577
31.106221	0.730901
31.136227	0.731224
31.166233	0.731546
31.196239	0.731868
31.226245	0.732189
31.256251	0.732509
31.286257	0.732829
31.316263	0.733149
31.346269	0.733467
31.376275	0.733785
31.406281	0.734103
31.436287	0.734420
31.466293	0.734736
31.496299	0.735052
31.526305	0.735367
31.556311	0.735682
31.586317	0.735996
31.616323	0.736310
31.646329	0.736622
31.676335	0.736935
31.706341	0.737246
31.736347	0.737557
31.766353	0.737868
31.796359	0.738178
31.826365	0.738487
31.856371	0.738796
31.886377	0.739104
31.916383	0.739412
31.946389	0.739718
31.976395	0.740025
32.006401	0.740331
32.036407	0.740636
32.066413	0.740940
32.096419	0.741244
32.126425	0.741548
32.156431	0.741851
32.186437	0.742153
32.216443	0.742455
32.246449	0.742756
32.276455	0.743056
32.306461	0.743356
32.336467	0.743656
32.366473	0.743954
32.396479	0.744253
32.426485	0.744550
32.456491	0.744847
32.486497	0.745144
32.516503	0.745439
32.546509	0.745735
32.576515	0.746029
32.606521	0.746323
32.636527	0.746617
32.666533	0.746910
32.696539	0.747202
32.726545	0.747494
32.756551	0.747785
32.786557	0.748076
32.816563	0.748366
32.846569	0.748655
32.876575	0.748944
32.906581	0.749233
32.936587	0.749520
32.966593	0.749808
32.996599	0.750094
33.026605	0.750380
33.056611	0.750666
33.086617	0.750951
33.116623	0.751235
33.146629	0.751519
33.176635	0.751802
33.206641	0.752084
33.236647	0.752366
33.266653	0.752648
33.296659	0.752929
33.326665	0.753209
33.356671	0.753489
33.386677	0.753768
33.416683	0.754047
33.446689	0.754325
33.476695	0.754602
33.506701	0.754879
33.536707	0.755155
33.566713	0.755431
33.596719	0.755706
33.626725	0.755981
33.656731	0.756255
33.686737	0.756529
33.716743	0.756802
33.746749	0.757074
33.776755	0.757346
33.806761	0.757617
33.836767	0.757888
33.866773	0.758158
33.896779	0.758428
33.926785	0.758697
33.956791	0.758965
33.986797	0.759233
34.016803	0.759500
34.046809	0.759767
34.076815	0.760033
34.106821	0.760299
34.136827	0.760564
34.166833	0.760829
34.196839	0.761093
34.226845	0.761357
34.256851	0.761620
34.286857	0.761882
34.316863	0.762144
34.346869	0.762405
34.376875	0.762666
34.406881	0.762926
34.436887	0.763186
34.466893	0.763445
34.496899	0.763703
34.526905	0.763962
34.556911	0.764219
34.586917	0.764476
34.616923	0.764732
34.646929	0.764988
34.676935	0.765244
34.706941	0.765498
34.736947	0.765753
34.766953	0.766006
34.796959	0.766260
34.826965	0.766512
34.856971	0.766764
34.886977	0.767016
34.916983	0.767267
34.946989	0.767517
34.976995	0.767767
35.007001	0.768017
35.037007	0.768266
35.067013	0.768514
35.097019	0.768762
35.127025	0.769009
35.157031	0.769256
35.187037	0.769502
35.217043	0.769748
35.247049	0.769993
35.277055	0.770238
35.307061	0.770482
35.337067	0.770726
35.367073	0.770969
35.397079	0.771211
35.427085	0.771453
35.457091	0.771695
35.487097	0.771936
35.517103	0.772177
35.547109	0.772417
35.577115	0.772656
35.607121	0.772895
35.637127	0.773133
35.667133	0.773371
35.697139	0.773609
35.727145	0.773846
35.757151	0.774082
35.787157	0.774318
35.817163	0.774553
35.847169	0.774788
35.877175	0.775023
35.907181	0.775256
35.937187	0.775490
35.967193	0.775723
35.997199	0.775955
36.027205	0.776187
36.057211	0.776418
36.087217	0.776649
36.117223	0.776879
36.147229	0.777109
36.177235	0.777338
36.207241	0.777567
36.237247	0.777795
36.267253	0.778023
36.297259	0.778250
36.327265	0.778477
36.357271	0.778704
36.387277	0.778929
36.417283	0.779155
36.447289	0.779380
36.477295	0.779604
36.507301	0.779828
36.537307	0.780051
36.567313	0.780274
36.597319	0.780497
36.627325	0.780718
36.657331	0.780940
36.687337	0.781161
36.717343	0.781381
36.747349	0.781601
36.777355	0.781821
36.807361	0.782040
36.837367	0.782258
36.867373	0.782476
36.897379	0.782694
36.927385	0.782911
36.957391	0.783128
36.987397	0.783344
37.017403	0.783559
37.047409	0.783774
37.077415	0.783989
37.107421	0.784203
37.137427	0.784417
37.167433	0.784630
37.197439	0.784843
37.227445	0.785056
37.257451	0.785268
37.287457	0.785479
37.317463	0.785690
37.347469	0.785900
37.377475	0.786110
37.407481	0.786320
37.437487	0.786529
37.467493	0.786738
37.497499	0.786946
37.527506	0.787154
37.557512	0.787361
37.587518	0.787568
37.617524	0.787774
37.647530	0.787980
37.677536	0.788185
37.707542	0.788390
37.737548	0.788595
37.767554	0.788799
37.797560	0.789002
37.827566	0.789206
37.857572	0.789408
37.887578	0.789611
37.917584	0.789812
37.947590	0.790014
37.977596	0.790215
38.007602	0.790415
38.037608	0.790615
38.067614	0.790815
38.097620	0.791014
38.127626	0.791213
38.157632	0.791411
38.187638	0.791609
38.217644	0.791806
38.247650	0.792003
38.277656	0.792200
38.307662	0.792396
38.337668	0.792591
38.367674	0.792786
38.397680	0.792981
38.427686	0.793176
38.457692	0.793369
38.487698	0.793563
38.517704	0.793756
38.547710	0.793949
38.577716	0.794141
38.607722	0.794333
38.637728	0.794524
38.667734	0.794715
38.697740	0.794905
38.727746	0.795095
38.757752	0.795285
38.787758	0.795474
38.817764	0.795663
38.847770	0.795851
38.877776	0.796039
38.907782	0.796227
38.937788	0.796414
38.967794	0.796601
38.997800	0.796787
39.027806	0.796973
39.057812	0.797158
39.087818	0.797343
39.117824	0.797528
39.147830	0.797712
39.177836	0.797896
39.207842	0.798080
39.237848	0.798263
39.267854	0.798445
39.297860	0.798628
39.327866	0.798809
39.357872	0.798991
39.387878	0.799172
39.417884	0.799352
39.447890	0.799533
39.477896	0.799712
39.507902	0.799892
39.537908	0.800071
39.567914	0.800249
39.597920	0.800428
39.627926	0.800605
39.657932	0.800783
39.687938	0.800960
39.717944	0.801136
39.747950	0.801313
39.777956	0.801489
39.807962	0.801664
39.837968	0.801839
39.867974	0.802014
39.897980	0.802188
39.927986	0.802362
39.957992	0.802535
39.987998	0.802709
40.018004	0.802881
40.048010	0.803054
40.078016	0.803226
40.108022	0.803397
40.138028	0.803569
40.168034	0.803740
40.198040	0.803910
40.228046	0.804080
40.258052	0.804250
40.288058	0.804419
40.318064	0.804588
40.348070	0.804757
40.378076	0.804925
40.408082	0.805093
40.438088	0.805260
40.468094	0.805428
40.498100	0.805594
40.528106	0.805761
40.558112	0.805927
40.588118	0.806092
40.618124	0.806258
40.648130	0.806423
40.678136	0.806587
40.708142	0.806751
40.738148	0.806915
40.768154	0.807079
40.798160	0.807242
40.828166	0.807405
40.858172	0.807567
40.888178	0.807729
40.918184	0.807891
40.948190	0.808052
40.978196	0.808213
41.008202	0.808374
41.038208	0.808534
41.068214	0.808694
41.098220	0.808854
41.128226	0.809013
41.158232	0.809172
41.188238	0.809330
41.218244	0.809489
41.248250	0.809646
41.278256	0.809804
41.308262	0.809961
41.338268	0.810118
41.368274	0.810274
41.398280	0.810430
41.428286	0.810586
41.458292	0.810742
41.488298	0.810897
41.518304	0.811052
41.548310	0.811206
41.578316	0.811360
41.608322	0.811514
41.638328	0.811667
41.668334	0.811821
41.698340	0.811973
41.728346	0.812126
41.758352	0.812278
41.788358	0.812430
41.818364	0.812581
41.848370	0.812732
41.878376	0.812883
41.908382	0.813033
41.938388	0.813184
41.968394	0.813333
41.998400	0.813483
42.028406	0.813632
42.058412	0.813781
42.088418	0.813929
42.118424	0.814078
42.148430	0.814226
42.178436	0.814373
42.208442	0.814520
42.238448	0.814667
42.268454	0.814814
42.298460	0.814960
42.328466	0.815106
42.358472	0.815252
42.388478	0.815397
42.418484	0.815542
42.448490	0.815687
42.478496	0.815832
42.508502	0.815976
42.538508	0.816120
42.568514	0.816263
42.598520	0.816406
42.628526	0.816549
42.658532	0.816692
42.688538	0.816834
42.718544	0.816976
42.748550	0.817118
42.778556	0.817259
42.808562	0.817400
42.838568	0.817541
42.868574	0.817681
42.898580	0.817822
42.928586	0.817961
42.958592	0.818101
42.988598	0.818240
43.018604	0.818379
43.048610	0.818518
43.078616	0.818656
43.108622	0.818795
43.138628	0.818932
43.168634	0.819070
43.198640	0.819207
43.228646	0.819344
43.258652	0.819481
43.288658	0.819617
43.318664	0.819753
43.348670	0.819889
43.378676	0.820025
43.408682	0.820160
43.438688	0.820295
43.468694	0.820429
43.498700	0.820564
43.528706	0.820698
43.558712	0.820832
43.588718	0.820965
43.618724	0.821099
43.648730	0.821232
43.678736	0.821364
43.708742	0.821497
43.738748	0.821629
43.768754	0.821761
43.798760	0.821892
43.828766	0.822024
43.858772	0.822155
43.888778	0.822286
43.918784	0.822416
43.948790	0.822546
43.978796	0.822676
44.008802	0.822806
44.038808	0.822936
44.068814	0.823065
44.098820	0.823194
44.128826	0.823322
44.158832	0.823451
44.188838	0.823579
44.218844	0.823707
44.248850	0.823834
44.278856	0.823962
44.308862	0.824089
44.338868	0.824215
44.368874	0.824342
44.398880	0.824468
44.428886	0.824594
44.458892	0.824720
44.488898	0.824846
44.518904	0.824971
44.548910	0.825096
44.578916	0.825221
44.608922	0.825345
44.638928	0.825469
44.668934	0.825593
44.698940	0.825717
44.728946	0.825841
44.758952	0.825964
44.788958	0.826087
44.818964	0.826210
44.848970	0.826332
44.878976	0.826454
44.908982	0.826576
44.938988	0.826698
44.968994	0.826820
44.999000	0.826941
45.029006	0.827062
45.059012	0.827183
45.089018	0.827303
45.119024	0.827424
45.149030	0.827544
45.179036	0.827664
45.209042	0.827783
45.239048	0.827903
45.269054	0.828022
45.299060	0.828141
45.329066	0.828259
45.359072	0.828378
45.389078	0.828496
45.419084	0.828614
45.449090	0.828731
45.479096	0.828849
45.509102	0.828966
45.539108	0.829083
45.569114	0.829200
45.599120	0.829317
45.629126	0.829433
45.659132	0.829549
45.689138	0.829665
45.719144	0.829781
45.749150	0.829896
45.779156	0.830011
45.809162	0.830126
45.839168	0.830241
45.869174	0.830355
45.899180	0.830470
45.929186	0.830584
45.959192	0.830698
45.989198	0.830811
46.019204	0.830925
46.049210	0.831038
46.079216	0.831151
46.109222	0.831264
46.139228	0.831376
46.169234	0.831489
46.199240	0.831601
46.229246	0.831713
46.259252	0.831824
46.289258	0.831936
46.319264	0.832047
46.349270	0.832158
46.379276	0.832269
46.409282	0.832379
46.439288	0.832490
46.469294	0.832600
46.499300	0.832710
46.529306	0.832820
46.559312	0.832929
46.589318	0.833039
46.619324	0.833148
46.649330	0.833257
46.679336	0.833366
46.709342	0.833474
46.739348	0.833583
46.769354	0.833691
46.799360	0.833799
46.829366	0.833907
46.859372	0.834014
46.889378	0.834121
46.919384	0.834229
46.949390	0.834336
46.979396	0.834442
47.009402	0.834549
47.039408	0.834655
47.069414	0.834761
47.099420	0.834867
47.129426	0.834973
47.159432	0.835079
47.189438	0.835184
47.219444	0.835289
47.249450	0.835394
47.279456	0.835499
47.309462	0.835604
47.339468	0.835708
47.369474	0.835812
47.399480	0.835916
47.429486	0.836020
47.459492	0.836124
47.489498	0.836227
47.519504	0.836331
47.549510	0.836434
47.579516	0.836537
47.609522	0.836639
47.639528	0.836742
47.669534	0.836844
47.699540	0.836946
47.729546	0.837048
47.759552	0.837150
47.789558	0.837252
47.819564	0.837353
47.849570	0.837454
47.879576	0.837556
47.909582	0.837656
47.939588	0.837757
47.969594	0.837858
47.999600	0.837958
48.029606	0.838058
48.059612	0.838158
48.089618	0.838258
48.119624	0.838358
48.149630	0.838457
48.179636	0.838557
48.209642	0.838656
48.239648	0.838755
48.269654	0.838854
48.299660	0.838952
48.329666	0.839051
48.359672	0.839149
48.389678	0.839247
48.419684	0.839345
48.449690	0.839443
48.479696	0.839540
48.509702	0.839638
48.539708	0.839735
48.569714	0.839832
48.599720	0.839929
48.629726	0.840026
48.659732	0.840123
48.689738	0.840219
48.719744	0.840315
48.749750	0.840411
48.779756	0.840507
48.809762	0.840603
48.839768	0.840699
48.869774	0.840794
48.899780	0.840890
48.929786	0.840985
48.959792	0.841080
48.989798	0.841175
49.019804	0.841269
49.049810	0.841364
49.079816	0.841458
49.109822	0.841552
49.139828	0.841646
49.169834	0.841740
49.199840	0.841834
49.229846	0.841928
49.259852	0.842021
49.289858	0.842114
49.319864	0.842208
49.349870	0.842300
49.379876	0.842393
49.409882	0.842486
49.439888	0.842579
49.469894	0.842671
49.499900	0.842763
49.529906	0.842855
49.559912	0.842947
49.589918	0.843039
49.619924	0.843131
49.649930	0.843222
49.679936	0.843313
49.709942	0.843405
49.739948	0.843496
49.769954	0.843586
49.799960	0.843677
49.829966	0.843768
49.859972	0.843858
49.889978	0.843949
49.919984	0.844039
49.949990	0.844129
49.979996	0.844219
50.010002	0.844309
50.040008	0.844398
50.070014	0.844488
50.100020	0.844577
50.130026	0.844666
50.160032	0.844755
50.190038	0.844844
50.220044	0.844933
50.250050	0.845022
50.280056	0.845110
50.310062	0.845199
50.340068	0.845287
50.370074	0.845375
50.400080	0.845463
50.430086	0.845551
50.460092	0.845638
50.490098	0.845726
50.520104	0.845813
50.550110	0.845901
50.580116	0.845988
50.610122	0.846075
50.640128	0.846162
50.670134	0.846249
50.700140	0.846335
50.730146	0.846422
50.760152	0.846508
50.790158	0.846595
50.820164	0.846681
50.850170	0.846767
50.880176	0.846853
50.910182	0.846939
50.940188	0.847024
50.970194	0.847110
51.000200	0.847195
51.030206	0.847280
51.060212	0.847365
51.090218	0.847451
51.120224	0.847535
51.150230	0.847620
51.180236	0.847705
51.210242	0.847789
51.240248	0.847874
51.270254	0.847958
51.300260	0.848042
51.330266	0.848126
51.360272	0.848210
51.390278	0.848294
51.420284	0.848378
51.450290	0.848461
51.480296	0.848545
51.510302	0.848628
51.540308	0.848711
51.570314	0.848795
51.600320	0.848878
51.630326	0.848960
51.660332	0.849043
51.690338	0.849126
51.720344	0.849208
51.750350	0.849291
51.780356	0.849373
51.810362	0.849455
51.840368	0.849537
51.870374	0.849619
51.900380	0.849701
51.930386	0.849783
51.960392	0.849865
51.990398	0.849946
52.020404	0.850028
52.050410	0.850109
52.080416	0.850190
52.110422	0.850271
52.140428	0.850352
52.170434	0.850433
52.200440	0.850514
52.230446	0.850595
52.260452	0.850675
52.290458	0.850756
52.320464	0.850836
52.350470	0.850916
52.380476	0.850997
52.410482	0.851077
52.440488	0.851157
52.470494	0.851236
52.500500	0.851316
52.530506	0.851396
52.560512	0.851475
52.590518	0.851555
52.620524	0.851634
52.650530	0.851713
52.680536	0.851792
52.710542	0.851872
52.740548	0.851950
52.770554	0.852029
52.800560	0.852108
52.830566	0.852187
52.860572	0.852265
52.890578	0.852344
52.920584	0.852422
52.950590	0.852500
52.980596	0.852578
53.010602	0.852656
53.040608	0.852734
53.070614	0.852812
53.100620	0.852890
53.130626	0.852968
53.160632	0.853045
53.190638	0.853123
53.220644	0.853200
53.250650	0.853278
53.280656	0.853355
53.310662	0.853432
53.340668	0.853509
53.370674	0.853586
53.400680	0.853663
53.430686	0.853740
53.460692	0.853816
53.490698	0.853893
53.520704	0.853969
53.550710	0.854046
53.580716	0.854122
53.610722	0.854198
53.640728	0.854274
53.670734	0.854350
53.700740	0.854426
53.730746	0.854502
53.760752	0.854578
53.790758	0.854654
53.820764	0.854730
53.850770	0.854805
53.880776	0.854881
53.910782	0.854956
53.940788	0.855031
53.970794	0.855106
54.000800	0.855182
54.030806	0.855257
54.060812	0.855332
54.090818	0.855406
54.120824	0.855481
54.150830	0.855556
54.180836	0.855631
54.210842	0.855705
54.240848	0.855780
54.270854	0.855854
54.300860	0.855928
54.330866	0.856003
54.360872	0.856077
54.390878	0.856151
54.420884	0.856225
54.450890	0.856299
54.480896	0.856373
54.510902	0.856446
54.540908	0.856520
54.570914	0.856594
54.600920	0.856667
54.630926	0.856741
54.660932	0.856814
54.690938	0.856887
54.720944	0.856961
54.750950	0.857034
54.780956	0.857107
54.810962	0.857180
54.840968	0.857253
54.870974	0.857326
54.900980	0.857399
54.930986	0.857471
54.960992	0.857544
54.990998	0.857617
55.021004	0.857689
55.051010	0.857762
55.081016	0.857834
55.111022	0.857906
55.141028	0.857979
55.171034	0.858051
55.201040	0.858123
55.231046	0.858195
55.261052	0.858267
55.291058	0.858339
55.321064	0.858411
55.351070	0.858482
55.381076	0.858554
55.411082	0.858626
55.441088	0.858697
55.471094	0.858769
55.501100	0.858840
55.531106	0.858912
55.561112	0.858983
55.591118	0.859054
55.621124	0.859125
55.651130	0.859196
55.681136	0.859267
55.711142	0.859338
55.741148	0.859409
55.771154	0.859480
55.801160	0.859551
55.831166	0.859622
55.861172	0.859692
55.891178	0.859763
55.921184	0.859834
55.951190	0.859904
55.981196	0.859975
56.011202	0.860045
56.041208	0.860115
56.071214	0.860185
56.101220	0.860256
56.131226	0.860326
56.161232	0.860396
56.191238	0.860466
56.221244	0.860536
56.251250	0.860606
56.281256	0.860676
56.311262	0.860745
56.341268	0.860815
56.371274	0.860885
56.401280	0.860954
56.431286	0.861024
56.461292	0.861093
56.491298	0.861163
56.521304	0.861232
56.551310	0.861302
56.581316	0.861371
56.611322	0.861440
56.641328	0.861509
56.671334	0.861579
56.701340	0.861648
56.731346	0.861717
56.761352	0.861786
56.791358	0.861855
56.821364	0.861923
56.851370	0.861992
56.881376	0.862061
56.911382	0.862130
56.941388	0.862198
56.971394	0.862267
57.001400	0.862336
57.031406	0.862404
57.061412	0.862472
57.091418	0.862541
57.121424	0.862609
57.151430	0.862678
57.181436	0.862746
57.211442	0.862814
57.241448	0.862882
57.271454	0.862950
57.301460	0.863018
57.331466	0.863086
57.361472	0.863154
57.391478	0.863222
57.421484	0.863290
57.451490	0.863358
57.481496	0.863426
57.511502	0.863494
57.541508	0.863561
57.571514	0.863629
57.601520	0.863697
57.631526	0.863764
57.661532	0.863832
57.691538	0.863899
57.721544	0.863967
57.751550	0.864034
57.781556	0.864102
57.811562	0.864169
57.841568	0.864236
57.871574	0.864303
57.901580	0.864371
57.931586	0.864438
57.961592	0.864505
57.991598	0.864572
58.021604	0.864639
58.051610	0.864706
58.081616	0.864773
58.111622	0.864840
58.141628	0.864907
58.171634	0.864974
58.201640	0.865040
58.231646	0.865107
58.261652	0.865174
58.291658	0.865240
58.321664	0.865307
58.351670	0.865374
58.381676	0.865440
58.411682	0.865507
58.441688	0.865573
58.471694	0.865640
58.501700	0.865706
58.531706	0.865773
58.561712	0.865839
58.591718	0.865905
58.621724	0.865971
58.651730	0.866038
58.681736	0.866104
58.711742	0.866170
58.741748	0.866236
58.771754	0.866302
58.801760	0.866368
58.831766	0.866434
58.861772	0.866500
58.891778	0.866566
58.921784	0.866632
58.951790	0.866698
58.981796	0.866764
59.011802	0.866830
59.041808	0.866896
59.071814	0.866962
59.101820	0.867027
59.131826	0.867093
59.161832	0.867159
59.191838	0.867224
59.221844	0.867290
59.251850	0.867356
59.281856	0.867421
59.311862	0.867487
59.341868	0.867552
59.371874	0.867618
59.401880	0.867683
59.431886	0.867749
59.461892	0.867814
59.491898	0.867879
59.521904	0.867945
59.551910	0.868010
59.581916	0.868075
59.611922	0.868141
59.641928	0.868206
59.671934	0.868271
59.701940	0.868336
59.731946	0.868401
59.761952	0.868466
59.791958	0.868532
59.821964	0.868597
59.851970	0.868662
59.881976	0.868727
59.911982	0.868792
59.941988	0.868857
59.971994	0.868922
60.002000	0.868987
60.032006	0.869051
60.062012	0.869116
60.092018	0.869181
60.122024	0.869246
60.152030	0.869311
60.182036	0.869376
60.212042	0.869440
60.242048	0.869505
60.272054	0.869570
60.302060	0.869635
60.332066	0.869699
60.362072	0.869764
60.392078	0.869829
60.422084	0.869893
60.452090	0.869958
60.482096	0.870022
60.512102	0.870087
60.542108	0.870151
60.572114	0.870216
60.602120	0.870280
60.632126	0.870345
60.662132	0.870409
60.692138	0.870474
60.722144	0.870538
60.752150	0.870603
60.782156	0.870667
60.812162	0.870731
60.842168	0.870796
60.872174	0.870860
60.902180	0.870924
60.932186	0.870989
60.962192	0.871053
60.992198	0.871117
61.022204	0.871181
61.052210	0.871246
61.082216	0.871310
61.112222	0.871374
61.142228	0.871438
61.172234	0.871502
61.202240	0.871567
61.232246	0.871631
61.262252	0.871695
61.292258	0.871759
61.322264	0.871823
61.352270	0.871887
61.382276	0.871951
61.412282	0.872015
61.442288	0.872079
61.472294	0.872143
61.502300	0.872207
61.532306	0.872271
61.562312	0.872335
61.592318	0.872399
61.622324	0.872463
61.652330	0.872527
61.682336	0.872591
61.712342	0.872655
61.742348	0.872719
61.772354	0.872783
61.802360	0.872847
61.832366	0.872911
61.862372	0.872975
61.892378	0.873039
61.922384	0.873102
61.952390	0.873166
61.982396	0.873230
62.012402	0.873294
62.042408	0.873358
62.072414	0.873422
62.102420	0.873485
62.132426	0.873549
62.162432	0.873613
62.192438	0.873677
62.222444	0.873741
62.252450	0.873804
62.282456	0.873868
62.312462	0.873932
62.342468	0.873996
62.372474	0.874059
62.402480	0.874123
62.432486	0.874187
62.462492	0.874250
62.492498	0.874314
62.522505	0.874378
62.552511	0.874442
62.582517	0.874505
62.612523	0.874569
62.642529	0.874633
62.672535	0.874696
62.702541	0.874760
62.732547	0.874824
62.762553	0.874887
62.792559	0.874951
62.822565	0.875015
62.852571	0.875078
62.882577	0.875142
62.912583	0.875206
62.942589	0.875269
62.972595	0.875333
63.002601	0.875397
63.032607	0.875460
63.062613	0.875524
63.092619	0.875587
63.122625	0.875651
63.152631	0.875715
63.182637	0.875778
63.212643	0.875842
63.242649	0.875906
63.272655	0.875969
63.302661	0.876033
63.332667	0.876096
63.362673	0.876160
63.392679	0.876224
63.422685	0.876287
63.452691	0.876351
63.482697	0.876415
63.512703	0.876478
63.542709	0.876542
63.572715	0.876605
63.602721	0.876669
63.632727	0.876733
63.662733	0.876796
63.692739	0.876860
63.722745	0.876923
63.752751	0.876987
63.782757	0.877051
63.812763	0.877114
63.842769	0.877178
63.872775	0.877242
63.902781	0.877305
63.932787	0.877369
63.962793	0.877433
63.992799	0.877496
64.022805	0.877560
64.052811	0.877624
64.082817	0.877687
64.112823	0.877751
64.142829	0.877815
64.172835	0.877878
64.202841	0.877942
64.232847	0.878006
64.262853	0.878069
64.292859	0.878133
64.322865	0.878197
64.352871	0.878260
64.382877	0.878324
64.412883	0.878388
64.442889	0.878451
64.472895	0.878515
64.502901	0.878579
64.532907	0.878643
64.562913	0.878706
64.592919	0.878770
64.622925	0.878834
64.652931	0.878898
64.682937	0.878962
64.712943	0.879025
64.742949	0.879089
64.772955	0.879153
64.802961	0.879217
64.832967	0.879281
64.862973	0.879344
64.892979	0.879408
64.922985	0.879472
64.952991	0.879536
64.982997	0.879600
65.013003	0.879664
65.043009	0.879727
65.073015	0.879791
65.103021	0.879855
65.133027	0.879919
65.163033	0.879983
65.193039	0.880047
65.223045	0.880111
65.253051	0.880175
65.283057	0.880239
65.313063	0.880303
65.343069	0.880367
65.373075	0.880431
65.403081	0.880495
65.433087	0.880559
65.463093	0.880623
65.493099	0.880687
65.523105	0.880751
65.553111	0.880815
65.583117	0.880879
65.613123	0.880943
65.643129	0.881007
65.673135	0.881071
65.703141	0.881136
65.733147	0.881200
65.763153	0.881264
65.793159	0.881328
65.823165	0.881392
65.853171	0.881456
65.883177	0.881521
65.913183	0.881585
65.943189	0.881649
65.973195	0.881713
66.003201	0.881778
66.033207	0.881842
66.063213	0.881906
66.093219	0.881970
66.123225	0.882035
66.153231	0.882099
66.183237	0.882164
66.213243	0.882228
66.243249	0.882292
66.273255	0.882357
66.303261	0.882421
66.333267	0.882486
66.363273	0.882550
66.393279	0.882615
66.423285	0.882679
66.453291	0.882744
66.483297	0.882808
66.513303	0.882873
66.543309	0.882937
66.573315	0.883002
66.603321	0.883066
66.633327	0.883131
66.663333	0.883196
66.693339	0.883260
66.723345	0.883325
66.753351	0.883390
66.783357	0.883454
66.813363	0.883519
66.843369	0.883584
66.873375	0.883649
66.903381	0.883713
66.933387	0.883778
66.963393	0.883843
66.993399	0.883908
67.023405	0.883973
67.053411	0.884038
67.083417	0.884103
67.113423	0.884167
67.143429	0.884232
67.173435	0.884297
67.203441	0.884362
67.233447	0.884427
67.263453	0.884492
67.293459	0.884557
67.323465	0.884623
67.353471	0.884688
67.383477	0.884753
67.413483	0.884818
67.443489	0.884883
67.473495	0.884948
67.503501	0.885013
67.533507	0.885079
67.563513	0.885144
67.593519	0.885209
67.623525	0.885275
67.653531	0.885340
67.683537	0.885405
67.713543	0.885471
67.743549	0.885536
67.773555	0.885601
67.803561	0.885667
67.833567	0.885732
67.863573	0.885798
67.893579	0.885863
67.923585	0.885929
67.953591	0.885994
67.983597	0.886060
68.013603	0.886126
68.043609	0.886191
68.073615	0.886257
68.103621	0.886323
68.133627	0.886388
68.163633	0.886454
68.193639	0.886520
68.223645	0.886586
68.253651	0.886652
68.283657	0.886717
68.313663	0.886783
68.343669	0.886849
68.373675	0.886915
68.403681	0.886981
68.433687	0.887047
68.463693	0.887113
68.493699	0.887179
68.523705	0.887245
68.553711	0.887311
68.583717	0.887377
68.613723	0.887444
68.643729	0.887510
68.673735	0.887576
68.703741	0.887642
68.733747	0.887709
68.763753	0.887775
68.793759	0.887841
68.823765	0.887907
68.853771	0.887974
68.883777	0.888040
68.913783	0.888107
68.943789	0.888173
68.973795	0.888240
69.003801	0.888306
69.033807	0.888373
69.063813	0.888439
69.093819	0.888506
69.123825	0.888573
69.153831	0.888639
69.183837	0.888706
69.213843	0.888773
69.243849	0.888840
69.273855	0.888906
69.303861	0.888973
69.333867	0.889040
69.363873	0.889107
69.393879	0.889174
69.423885	0.889241
69.453891	0.889308
69.483897	0.889375
69.513903	0.889442
69.543909	0.889509
69.573915	0.889576
69.603921	0.889643
69.633927	0.889711
69.663933	0.889778
69.693939	0.889845
69.723945	0.889912
69.753951	0.889980
69.783957	0.890047
69.813963	0.890114
69.843969	0.890182
69.873975	0.890249
69.903981	0.890317
69.933987	0.890384
69.963993	0.890452
69.993999	0.890520
70.024005	0.890587
70.054011	0.890655
70.084017	0.890723
70.114023	0.890790
70.144029	0.890858
70.174035	0.890926
70.204041	0.890994
70.234047	0.891062
70.264053	0.891130
70.294059	0.891198
70.324065	0.891266
70.354071	0.891334
70.384077	0.891402
70.414083	0.891470
70.444089	0.891538
70.474095	0.891606
70.504101	0.891674
70.534107	0.891743
70.564113	0.891811
70.594119	0.891879
70.624125	0.891947
70.654131	0.892016
70.684137	0.892084
70.714143	0.892153
70.744149	0.892221
70.774155	0.892290
70.804161	0.892358
70.834167	0.892427
70.864173	0.892496
70.894179	0.892564
70.924185	0.892633
70.954191	0.892702
70.984197	0.892771
71.014203	0.892840
71.044209	0.892909
71.074215	0.892978
71.104221	0.893046
71.134227	0.893116
71.164233	0.893185
71.194239	0.893254
71.224245	0.893323
71.254251	0.893392
71.284257	0.893461
71.314263	0.893530
71.344269	0.893600
71.374275	0.893669
71.404281	0.893739
71.434287	0.893808
71.464293	0.893877
71.494299	0.893947
71.524305	0.894016
71.554311	0.894086
71.584317	0.894156
71.614323	0.894225
71.644329	0.894295
71.674335	0.894365
71.704341	0.894435
71.734347	0.894505
71.764353	0.894574
71.794359	0.894644
71.824365	0.894714
71.854371	0.894784
71.884377	0.894854
71.914383	0.894925
71.944389	0.894995
71.974395	0.895065
72.004401	0.895135
72.034407	0.895205
72.064413	0.895276
72.094419	0.895346
72.124425	0.895416
72.154431	0.895487
72.184437	0.895557
72.214443	0.895628
72.244449	0.895699
72.274455	0.895769
72.304461	0.895840
72.334467	0.895911
72.364473	0.895981
72.394479	0.896052
72.424485	0.896123
72.454491	0.896194
72.484497	0.896265
72.514503	0.896336
72.544509	0.896407
72.574515	0.896478
72.604521	0.896549
72.634527	0.896620
72.664533	0.896692
72.694539	0.896763
72.724545	0.896834
72.754551	0.896906
72.784557	0.896977
72.814563	0.897049
72.844569	0.897120
72.874575	0.897192
72.904581	0.897263
72.934587	0.897335
72.964593	0.897407
72.994599	0.897478
73.024605	0.897550
73.054611	0.897622
73.084617	0.897694
73.114623	0.897766
73.144629	0.897838
73.174635	0.897910
73.204641	0.897982
73.234647	0.898054
73.264653	0.898126
73.294659	0.898199
73.324665	0.898271
73.354671	0.898343
73.384677	0.898416
73.414683	0.898488
73.444689	0.898561
73.474695	0.898633
73.504701	0.898706
73.534707	0.898778
73.564713	0.898851
73.594719	0.898924
73.624725	0.898997
73.654731	0.899069
73.684737	0.899142
73.714743	0.899215
73.744749	0.899288
73.774755	0.899361
73.804761	0.899434
73.834767	0.899508
73.864773	0.899581
73.894779	0.899654
73.924785	0.899727
73.954791	0.899801
73.984797	0.899874
74.014803	0.899948
74.044809	0.900021
74.074815	0.900095
74.104821	0.900168
74.134827	0.900242
74.164833	0.900316
74.194839	0.900390
74.224845	0.900463
74.254851	0.900537
74.284857	0.900611
74.314863	0.900685
74.344869	0.900759
74.374875	0.900833
74.404881	0.900908
74.434887	0.900982
74.464893	0.901056
74.494899	0.901130
74.524905	0.901205
74.554911	0.901279
74.584917	0.901354
74.614923	0.901428
74.644929	0.901503
74.674935	0.901577
74.704941	0.901652
74.734947	0.901727
74.764953	0.901802
74.794959	0.901877
74.824965	0.901952
74.854971	0.902027
74.884977	0.902102
74.914983	0.902177
74.944989	0.902252
74.974995	0.902327
75.005001	0.902402
75.035007	0.902478
75.065013	0.902553
75.095019	0.902629
75.125025	0.902704
75.155031	0.902780
75.185037	0.902855
75.215043	0.902931
75.245049	0.903007
75.275055	0.903083
75.305061	0.903158
75.335067	0.903234
75.365073	0.903310
75.395079	0.903386
75.425085	0.903462
75.455091	0.903539
75.485097	0.903615
75.515103	0.903691
75.545109	0.903767
75.575115	0.903844
75.605121	0.903920
75.635127	0.903997
75.665133	0.904073
75.695139	0.904150
75.725145	0.904227
75.755151	0.904303
75.785157	0.904380
75.815163	0.904457
75.845169	0.904534
75.875175	0.904611
75.905181	0.904688
75.935187	0.904765
75.965193	0.904842
75.995199	0.904919
76.025205	0.904997
76.055211	0.905074
76.085217	0.905151
76.115223	0.905229
76.145229	0.905306
76.175235	0.905384
76.205241	0.905462
76.235247	0.905539
76.265253	0.905617
76.295259	0.905695
76.325265	0.905773
76.355271	0.905851
76.385277	0.905929
76.415283	0.906007
76.445289	0.906085
76.475295	0.906164
76.505301	0.906242
76.535307	0.906320
76.565313	0.906399
76.595319	0.906477
76.625325	0.906556
76.655331	0.906634
76.685337	0.906713
76.715343	0.906792
76.745349	0.906870
76.775355	0.906949
76.805361	0.907028
76.835367	0.907107
76.865373	0.907186
76.895379	0.907265
76.925385	0.907345
76.955391	0.907424
76.985397	0.907503
77.015403	0.907583
77.045409	0.907662
77.075415	0.907742
77.105421	0.907821
77.135427	0.907901
77.165433	0.907981
77.195439	0.908060
77.225445	0.908140
77.255451	0.908220
77.285457	0.908300
77.315463	0.908380
77.345469	0.908460
77.375475	0.908540
77.405481	0.908621
77.435487	0.908701
77.465493	0.908781
77.495499	0.908862
77.525505	0.908942
77.555511	0.909023
77.585517	0.909104
77.615523	0.909184
77.645529	0.909265
77.675535	0.909346
77.705541	0.909427
77.735547	0.909508
77.765553	0.909589
77.795559	0.909670
77.825565	0.909752
77.855571	0.909833
77.885577	0.909914
77.915583	0.909996
77.945589	0.910077
77.975595	0.910159
78.005601	0.910240
78.035607	0.910322
78.065613	0.910404
78.095619	0.910486
78.125625	0.910568
78.155631	0.910650
78.185637	0.910732
78.215643	0.910814
78.245649	0.910896
78.275655	0.910978
78.305661	0.911061
78.335667	0.911143
78.365673	0.911225
78.395679	0.911308
78.425685	0.911391
78.455691	0.911473
78.485697	0.911556
78.515703	0.911639
78.545709	0.911722
78.575715	0.911805
78.605721	0.911888
78.635727	0.911971
78.665733	0.912054
78.695739	0.912138
78.725745	0.912221
78.755751	0.912304
78.785757	0.912388
78.815763	0.912471
78.845769	0.912555
78.875775	0.912639
78.905781	0.912723
78.935787	0.912806
78.965793	0.912890
78.995799	0.912974
79.025805	0.913059
79.055811	0.913143
79.085817	0.913227
79.115823	0.913311
79.145829	0.913396
79.175835	0.913480
79.205841	0.913565
79.235847	0.913649
79.265853	0.913734
79.295859	0.913819
79.325865	0.913904
79.355871	0.913989
79.385877	0.914074
79.415883	0.914159
79.445889	0.914244
79.475895	0.914329
79.505901	0.914414
79.535907	0.914500
79.565913	0.914585
79.595919	0.914671
79.625925	0.914757
79.655931	0.914842
79.685937	0.914928
79.715943	0.915014
79.745949	0.915100
79.775955	0.915186
79.805961	0.915272
79.835967	0.915358
79.865973	0.915444
79.895979	0.915531
79.925985	0.915617
79.955991	0.915704
79.985997	0.915790
80.016003	0.915877
80.046009	0.915963
80.076015	0.916050
80.106021	0.916137
80.136027	0.916224
80.166033	0.916311
80.196039	0.916398
80.226045	0.916486
80.256051	0.916573
80.286057	0.916660
80.316063	0.916748
80.346069	0.916835
80.376075	0.916923
80.406081	0.917010
80.436087	0.917098
80.466093	0.917186
80.496099	0.917274
80.526105	0.917362
80.556111	0.917450
80.586117	0.917538
80.616123	0.917627
80.646129	0.917715
80.676135	0.917803
80.706141	0.917892
80.736147	0.917980
80.766153	0.918069
80.796159	0.918158
80.826165	0.918247
80.856171	0.918336
80.886177	0.918425
80.916183	0.918514
80.946189	0.918603
80.976195	0.918692
81.006201	0.918782
81.036207	0.918871
81.066213	0.918961
81.096219	0.919050
81.126225	0.919140
81.156231	0.919230
81.186237	0.919319
81.216243	0.919409
81.246249	0.919499
81.276255	0.919590
81.306261	0.919680
81.336267	0.919770
81.366273	0.919860
81.396279	0.919951
81.426285	0.920041
81.456291	0.920132
81.486297	0.920223
81.516303	0.920314
81.546309	0.920404
81.576315	0.920495
81.606321	0.920586
81.636327	0.920678
81.666333	0.920769
81.696339	0.920860
81.726345	0.920952
81.756351	0.921043
81.786357	0.921135
81.816363	0.921226
81.846369	0.921318
81.876375	0.921410
81.906381	0.921502
81.936387	0.921594
81.966393	0.921686
81.996399	0.921778
82.026405	0.921871
82.056411	0.921963
82.086417	0.922055
82.116423	0.922148
82.146429	0.922241
82.176435	0.922333
82.206441	0.922426
82.236447	0.922519
82.266453	0.922612
82.296459	0.922705
82.326465	0.922798
82.356471	0.922892
82.386477	0.922985
82.416483	0.923079
82.446489	0.923172
82.476495	0.923266
82.506501	0.923360
82.536507	0.923453
82.566513	0.923547
82.596519	0.923641
82.626525	0.923735
82.656531	0.923830
82.686537	0.923924
82.716543	0.924018
82.746549	0.924113
82.776555	0.924207
82.806561	0.924302
82.836567	0.924397
82.866573	0.924492
82.896579	0.924587
82.926585	0.924682
82.956591	0.924777
82.986597	0.924872
83.016603	0.924967
83.046609	0.925063
83.076615	0.925158
83.106621	0.925254
83.136627	0.925350
83.166633	0.925445
83.196639	0.925541
83.226645	0.925637
83.256651	0.925733
83.286657	0.925830
83.316663	0.925926
83.346669	0.926022
83.376675	0.926119
83.406681	0.926215
83.436687	0.926312
83.466693	0.926409
83.496699	0.926506
83.526705	0.926603
83.556711	0.926700
83.586717	0.926797
83.616723	0.926894
83.646729	0.926991
83.676735	0.927089
83.706741	0.927186
83.736747	0.927284
83.766753	0.927382
83.796759	0.927480
83.826765	0.927577
83.856771	0.927675
83.886777	0.927774
83.916783	0.927872
83.946789	0.927970
83.976795	0.928069
84.006801	0.928167
84.036807	0.928266
84.066813	0.928364
84.096819	0.928463
84.126825	0.928562
84.156831	0.928661
84.186837	0.928760
84.216843	0.928860
84.246849	0.928959
84.276855	0.929058
84.306861	0.929158
84.336867	0.929258
84.366873	0.929357
84.396879	0.929457
84.426885	0.929557
84.456891	0.929657
84.486897	0.929757
84.516903	0.929857
84.546909	0.929958
84.576915	0.930058
84.606921	0.930159
84.636927	0.930259
84.666933	0.930360
84.696939	0.930461
84.726945	0.930562
84.756951	0.930663
84.786957	0.930764
84.816963	0.930866
84.846969	0.930967
84.876975	0.931068
84.906981	0.931170
84.936987	0.931272
84.966993	0.931374
84.996999	0.931475
85.027005	0.931577
85.057011	0.931680
85.087017	0.931782
85.117023	0.931884
85.147029	0.931987
85.177035	0.932089
85.207041	0.932192
85.237047	0.932295
85.267053	0.932397
85.297059	0.932500
85.327065	0.932603
85.357071	0.932707
85.387077	0.932810
85.417083	0.932913
85.447089	0.933017
85.477095	0.933120
85.507101	0.933224
85.537107	0.933328
85.567113	0.933432
85.597119	0.933536
85.627125	0.933640
85.657131	0.933744
85.687137	0.933849
85.717143	0.933953
85.747149	0.934058
85.777155	0.934162
85.807161	0.934267
85.837167	0.934372
85.867173	0.934477
85.897179	0.934582
85.927185	0.934688
85.957191	0.934793
85.987197	0.934898
86.017203	0.935004
86.047209	0.935110
86.077215	0.935216
86.107221	0.935321
86.137227	0.935428
86.167233	0.935534
86.197239	0.935640
86.227245	0.935746
86.257251	0.935853
86.287257	0.935959
86.317263	0.936066
86.347269	0.936173
86.377275	0.936280
86.407281	0.936387
86.437287	0.936494
86.467293	0.936601
86.497299	0.936709
86.527305	0.936816
86.557311	0.936924
86.587317	0.937031
86.617323	0.937139
86.647329	0.937247
86.677335	0.937355
86.707341	0.937464
86.737347	0.937572
86.767353	0.937680
86.797359	0.937789
86.827365	0.937897
86.857371	0.938006
86.887377	0.938115
86.917383	0.938224
86.947389	0.938333
86.977395	0.938442
87.007401	0.938552
87.037407	0.938661
87.067413	0.938771
87.097419	0.938881
87.127425	0.938990
87.157431	0.939100
87.187437	0.939210
87.217443	0.939321
87.247449	0.939431
87.277455	0.939541
87.307461	0.939652
87.337467	0.939762
87.367473	0.939873
87.397479	0.939984
87.427485	0.940095
87.457491	0.940206
87.487497	0.940318
87.517504	0.940429
87.547510	0.940540
87.577516	0.940652
87.607522	0.940764
87.637528	0.940876
87.667534	0.940988
87.697540	0.941100
87.727546	0.941212
87.757552	0.941324
87.787558	0.941437
87.817564	0.941549
87.847570	0.941662
87.877576	0.941775
87.907582	0.941888
87.937588	0.942001
87.967594	0.942114
87.997600	0.942227
88.027606	0.942341
88.057612	0.942454
88.087618	0.942568
88.117624	0.942682
88.147630	0.942796
88.177636	0.942910
88.207642	0.943024
88.237648	0.943138
88.267654	0.943253
88.297660	0.943367
88.327666	0.943482
88.357672	0.943597
88.387678	0.943712
88.417684	0.943827
88.447690	0.943942
88.477696	0.944057
88.507702	0.944173
88.537708	0.944288
88.567714	0.944404
88.597720	0.944520
88.627726	0.944636
88.657732	0.944752
88.687738	0.944868
88.717744	0.944985
88.747750	0.945101
88.777756	0.945218
88.807762	0.945334
88.837768	0.945451
88.867774	0.945568
88.897780	0.945685
88.927786	0.945803
88.957792	0.945920
88.987798	0.946038
89.017804	0.946155
89.047810	0.946273
89.077816	0.946391
89.107822	0.946509
89.137828	0.946627
89.167834	0.946745
89.197840	0.946864
89.227846	0.946982
89.257852	0.947101
89.287858	0.947220
89.317864	0.947339
89.347870	0.947458
89.377876	0.947577
89.407882	0.947697
89.437888	0.947816
89.467894	0.947936
89.497900	0.948055
89.527906	0.948175
89.557912	0.948295
89.587918	0.948415
89.617924	0.948536
89.647930	0.948656
89.677936	0.948777
89.707942	0.948897
89.737948	0.949018
89.767954	0.949139
89.797960	0.949260
89.827966	0.949382
89.857972	0.949503
89.887978	0.949624
89.917984	0.949746
89.947990	0.949868
89.977996	0.949990
90.008002	0.950112
90.038008	0.950234
90.068014	0.950356
90.098020	0.950479
90.128026	0.950602
90.158032	0.950724
90.188038	0.950847
90.218044	0.950970
90.248050	0.951093
90.278056	0.951217
90.308062	0.951340
90.338068	0.951464
90.368074	0.951587
90.398080	0.951711
90.428086	0.951835
90.458092	0.951960
90.488098	0.952084
90.518104	0.952208
90.548110	0.952333
90.578116	0.952458
90.608122	0.952582
90.638128	0.952707
90.668134	0.952833
90.698140	0.952958
90.728146	0.953083
90.758152	0.953209
90.788158	0.953335
90.818164	0.953460
90.848170	0.953586
90.878176	0.953713
90.908182	0.953839
90.938188	0.953965
90.968194	0.954092
90.998200	0.954219
91.028206	0.954346
91.058212	0.954473
91.088218	0.954600
91.118224	0.954727
91.148230	0.954854
91.178236	0.954982
91.208242	0.955110
91.238248	0.955238
91.268254	0.955366
91.298260	0.955494
91.328266	0.955622
91.358272	0.955751
91.388278	0.955879
91.418284	0.956008
91.448290	0.956137
91.478296	0.956266
91.508302	0.956395
91.538308	0.956525
91.568314	0.956654
91.598320	0.956784
91.628326	0.956914
91.658332	0.957044
91.688338	0.957174
91.718344	0.957304
91.748350	0.957435
91.778356	0.957565
91.808362	0.957696
91.838368	0.957827
91.868374	0.957958
91.898380	0.958089
91.928386	0.958220
91.958392	0.958352
91.988398	0.958484
92.018404	0.958615
92.048410	0.958747
92.078416	0.958879
92.108422	0.959012
92.138428	0.959144
92.168434	0.959277
92.198440	0.959409
92.228446	0.959542
92.258452	0.959675
92.288458	0.959808
92.318464	0.959942
92.348470	0.960075
92.378476	0.960209
92.408482	0.960343
92.438488	0.960477
92.468494	0.960611
92.498500	0.960745
92.528506	0.960880
92.558512	0.961014
92.588518	0.961149
92.618524	0.961284
92.648530	0.961419
92.678536	0.961554
92.708542	0.961690
92.738548	0.961825
92.768554	0.961961
92.798560	0.962097
92.828566	0.962233
92.858572	0.962369
92.888578	0.962505
92.918584	0.962642
92.948590	0.962778
92.978596	0.962915
93.008602	0.963052
93.038608	0.963189
93.068614	0.963327
93.098620	0.963464
93.128626	0.963602
93.158632	0.963740
93.188638	0.963878
93.218644	0.964016
93.248650	0.964154
93.278656	0.964293
93.308662	0.964431
93.338668	0.964570
93.368674	0.964709
93.398680	0.964848
93.428686	0.964987
93.458692	0.965127
93.488698	0.965266
93.518704	0.965406
93.548710	0.965546
93.578716	0.965686
93.608722	0.965826
93.638728	0.965967
93.668734	0.966108
93.698740	0.966248
93.728746	0.966389
93.758752	0.966530
93.788758	0.966672
93.818764	0.966813
93.848770	0.966955
93.878776	0.967097
93.908782	0.967238
93.938788	0.967381
93.968794	0.967523
93.998800	0.967665
94.028806	0.967808
94.058812	0.967951
94.088818	0.968094
94.118824	0.968237
94.148830	0.968380
94.178836	0.968524
94.208842	0.968668
94.238848	0.968811
94.268854	0.968955
94.298860	0.969100
94.328866	0.969244
94.358872	0.969389
94.388878	0.969533
94.418884	0.969678
94.448890	0.969823
94.478896	0.969968
94.508902	0.970114
94.538908	0.970259
94.568914	0.970405
94.598920	0.970551
94.628926	0.970697
94.658932	0.970844
94.688938	0.970990
94.718944	0.971137
94.748950	0.971284
94.778956	0.971431
94.808962	0.971578
94.838968	0.971725
94.868974	0.971873
94.898980	0.972020
94.928986	0.972168
94.958992	0.972316
94.988998	0.972465
95.019004	0.972613
95.049010	0.972762
95.079016	0.972910
95.109022	0.973059
95.139028	0.973209
95.169034	0.973358
95.199040	0.973507
95.229046	0.973657
95.259052	0.973807
95.289058	0.973957
95.319064	0.974107
95.349070	0.974258
95.379076	0.974408
95.409082	0.974559
95.439088	0.974710
95.469094	0.974861
95.499100	0.975013
95.529106	0.975164
95.559112	0.975316
95.589118	0.975468
95.619124	0.975620
95.649130	0.975772
95.679136	0.975925
95.709142	0.976078
95.739148	0.976230
95.769154	0.976383
95.799160	0.976537
95.829166	0.976690
95.859172	0.976844
95.889178	0.976998
95.919184	0.977151
95.949190	0.977306
95.979196	0.977460
96.009202	0.977615
96.039208	0.977769
96.069214	0.977924
96.099220	0.978079
96.129226	0.978235
96.159232	0.978390
96.189238	0.978546
96.219244	0.978702
96.249250	0.978858
96.279256	0.979014
96.309262	0.979171
96.339268	0.979327
96.369274	0.979484
96.399280	0.979641
96.429286	0.979799
96.459292	0.979956
96.489298	0.980114
96.519304	0.980271
96.549310	0.980429
96.579316	0.980588
96.609322	0.980746
96.639328	0.980905
96.669334	0.981064
96.699340	0.981223
96.729346	0.981382
96.759352	0.981541
96.789358	0.981701
96.819364	0.981861
96.849370	0.982021
96.879376	0.982181
96.909382	0.982341
96.939388	0.982502
96.969394	0.982663
96.999400	0.982824
97.029406	0.982985
97.059412	0.983146
97.089418	0.983308
97.119424	0.983470
97.149430	0.983632
97.179436	0.983794
97.209442	0.983956
97.239448	0.984119
97.269454	0.984282
97.299460	0.984445
97.329466	0.984608
97.359472	0.984772
97.389478	0.984935
97.419484	0.985099
97.449490	0.985263
97.479496	0.985428
97.509502	0.985592
97.539508	0.985757
97.569514	0.985922
97.599520	0.986087
97.629526	0.986252
97.659532	0.986418
97.689538	0.986583
97.719544	0.986749
97.749550	0.986915
97.779556	0.987082
97.809562	0.987248
97.839568	0.987415
97.869574	0.987582
97.899580	0.987749
97.929586	0.987917
97.959592	0.988084
97.989598	0.988252
98.019604	0.988420
98.049610	0.988588
98.079616	0.988757
98.109622	0.988926
98.139628	0.989095
98.169634	0.989264
98.199640	0.989433
98.229646	0.989603
98.259652	0.989772
98.289658	0.989942
98.319664	0.990112
98.349670	0.990283
98.379676	0.990454
98.409682	0.990624
98.439688	0.990795
98.469694	0.990967
98.499700	0.991138
98.529706	0.991310
98.559712	0.991482
98.589718	0.991654
98.619724	0.991826
98.649730	0.991999
98.679736	0.992172
98.709742	0.992345
98.739748	0.992518
98.769754	0.992692
98.799760	0.992865
98.829766	0.993039
98.859772	0.993213
98.889778	0.993388
98.919784	0.993562
98.949790	0.993737
98.979796	0.993912
99.009802	0.994087
99.039808	0.994263
99.069814	0.994439
99.099820	0.994615
99.129826	0.994791
99.159832	0.994967
99.189838	0.995144
99.219844	0.995321
99.249850	0.995498
99.279856	0.995675
99.309862	0.995853
99.339868	0.996030
99.369874	0.996208
99.399880	0.996387
99.429886	0.996565
99.459892	0.996744
99.489898	0.996923
99.519904	0.997102
99.549910	0.997281
99.579916	0.997461
99.609922	0.997641
99.639928	0.997821
99.669934	0.998001
99.699940	0.998182
99.729946	0.998362
99.759952	0.998543
99.789958	0.998725
99.819964	0.998906
99.849970	0.999088
99.879976	0.999270
99.909982	0.999452
99.939988	0.999634
99.969994	0.999817
100.000000	1.000000
