-300.000000	nan
-299.399399	nan
-298.798799	nan
-298.198198	nan
-297.597598	nan
-296.996997	nan
-296.396396	nan
-295.795796	nan
-295.195195	nan
-294.594595	nan
-293.993994	nan
-293.393393	nan
-292.792793	nan
-292.192192	nan
-291.591592	nan
-290.990991	nan
-290.390390	nan
-289.789790	nan
-289.189189	nan
-288.588589	nan
-287.987988	nan
-287.387387	nan
-286.786787	nan
-286.186186	nan
-285.585586	nan
-284.984985	nan
-284.384384	nan
-283.783784	nan
-283.183183	nan
-282.582583	nan
-281.981982	nan
-281.381381	nan
-280.780781	nan
-280.180180	nan
-279.579580	nan
-278.978979	nan
-278.378378	nan
-277.777778	nan
-277.177177	nan
-276.576577	nan
-275.975976	nan
-275.375375	nan
-274.774775	nan
-274.174174	nan
-273.573574	nan
-272.972973	nan
-272.372372	nan
-271.771772	nan
-271.171171	nan
-270.570571	nan
-269.969970	nan
-269.369369	nan
-268.768769	nan
-268.168168	nan
-267.567568	nan
-266.966967	nan
-266.366366	nan
-265.765766	nan
-265.165165	nan
-264.564565	nan
-263.963964	nan
-263.363363	nan
-262.762763	nan
-262.162162	nan
-261.561562	nan
-260.960961	nan
-260.360360	nan
-259.759760	nan
-259.159159	nan
-258.558559	nan
-257.957958	nan
-257.357357	nan
-256.756757	nan
-256.156156	nan
-255.555556	nan
-254.954955	nan
-254.354354	nan
-253.753754	nan
-253.153153	nan
-252.552553	nan
-251.951952	nan
-251.351351	nan
-250.750751	nan
-250.150150	nan
-249.549550	nan
-248.948949	nan
-248.348348	nan
-247.747748	nan
-247.147147	nan
-246.546547	nan
-245.945946	nan
-245.345345	nan
-244.744745	nan
-244.144144	nan
-243.543544	nan
-242.942943	nan
-242.342342	nan
-241.741742	nan
-241.141141	nan
-240.540541	nan
-239.939940	nan
-239.339339	nan
-238.738739	nan
-238.138138	nan
-237.537538	nan
-236.936937	nan
-236.336336	nan
-235.735736	nan
-235.135135	nan
-234.534535	nan
-233.933934	nan
-233.333333	nan
-232.732733	nan
-232.132132	nan
-231.531532	nan
-230.930931	nan
-230.330330	nan
-229.729730	nan
-229.129129	nan
-228.528529	nan
-227.927928	nan
-227.327327	nan
-226.726727	nan
-226.126126	nan
-225.525526	nan
-224.924925	nan
-224.324324	nan
-223.723724	nan
-223.123123	nan
-222.522523	nan
-221.921922	nan
-221.321321	nan
-220.720721	nan
-220.120120	nan
-219.519520	nan
-218.918919	nan
-218.318318	nan
-217.717718	nan
-217.117117	nan
-216.516517	nan
-215.915916	nan
-215.315315	nan
-214.714715	nan
-214.114114	nan
-213.513514	nan
-212.912913	nan
-212.312312	nan
-211.711712	nan
-211.111111	nan
-210.510511	nan
-209.909910	nan
-209.309309	nan
-208.708709	nan
-208.108108	nan
-207.507508	nan
-206.906907	nan
-206.306306	nan
-205.705706	nan
-205.105105	nan
-204.504505	nan
-203.903904	nan
-203.303303	nan
-202.702703	nan
-202.102102	nan
-201.501502	nan
-200.900901	nan
-200.300300	nan
-199.699700	nan
-199.099099	nan
-198.498498	nan
-197.897898	nan
-197.297297	nan
-196.696697	nan
-196.096096	nan
-195.495495	nan
-194.894895	nan
-194.294294	nan
-193.693694	nan
-193.093093	nan
-192.492492	nan
-191.891892	nan
-191.291291	nan
-190.690691	nan
-190.090090	nan
-189.489489	nan
-188.888889	nan
-188.288288	nan
-187.687688	nan
-187.087087	nan
-186.486486	nan
-185.885886	nan
-185.285285	nan
-184.684685	nan
-184.084084	nan
-183.483483	nan
-182.882883	nan
-182.282282	nan
-181.681682	nan
-181.081081	nan
-180.480480	nan
-179.879880	nan
-179.279279	nan
-178.678679	nan
-178.078078	nan
-177.477477	nan
-176.876877	nan
-176.276276	nan
-175.675676	nan
-175.075075	nan
-174.474474	nan
-173.873874	nan
-173.273273	nan
-172.672673	nan
-172.072072	nan
-171.471471	nan
-170.870871	nan
-170.270270	nan
-169.669670	nan
-169.069069	nan
-168.468468	nan
-167.867868	nan
-167.267267	nan
-166.666667	nan
-166.066066	nan
-165.465465	nan
-164.864865	nan
-164.264264	nan
-163.663664	nan
-163.063063	nan
-162.462462	nan
-161.861862	nan
-161.261261	nan
-160.660661	nan
-160.060060	nan
-159.459459	nan
-158.858859	nan
-158.258258	nan
-157.657658	nan
-157.057057	nan
-156.456456	nan
-155.855856	nan
-155.255255	nan
-154.654655	nan
-154.054054	nan
-153.453453	nan
-152.852853	nan
-152.252252	nan
-151.651652	nan
-151.051051	nan
-150.450450	nan
-149.849850	nan
-149.249249	nan
-148.648649	nan
-148.048048	nan
-147.447447	nan
-146.846847	nan
-146.246246	nan
-145.645646	nan
-145.045045	nan
-144.444444	nan
-143.843844	nan
-143.243243	nan
-142.642643	nan
-142.042042	nan
-141.441441	nan
-140.840841	nan
-140.240240	nan
-139.639640	nan
-139.039039	nan
-138.438438	nan
-137.837838	nan
-137.237237	nan
-136.636637	nan
-136.036036	nan
-135.435435	nan
-134.834835	nan
-134.234234	nan
-133.633634	nan
-133.033033	nan
-132.432432	nan
-131.831832	nan
-131.231231	nan
-130.630631	nan
-130.030030	nan
-129.429429	nan
-128.828829	nan
-128.228228	nan
-127.627628	nan
-127.027027	nan
-126.426426	nan
-125.825826	nan
-125.225225	nan
-124.624625	nan
-124.024024	nan
-123.423423	nan
-122.822823	nan
-122.222222	nan
-121.621622	nan
-121.021021	nan
-120.420420	nan
-119.819820	nan
-119.219219	nan
-118.618619	nan
-118.018018	nan
-117.417417	nan
-116.816817	nan
-116.216216	nan
-115.615616	nan
-115.015015	nan
-114.414414	nan
-113.813814	nan
-113.213213	nan
-112.612613	nan
-112.012012	nan
-111.411411	nan
-110.810811	nan
-110.210210	nan
-109.609610	nan
-109.009009	nan
-108.408408	nan
-107.807808	nan
-107.207207	nan
-106.606607	nan
-106.006006	nan
-105.405405	nan
-104.804805	nan
-104.204204	nan
-103.603604	nan
-103.003003	nan
-102.402402	nan
-101.801802	nan
-101.201201	nan
-100.600601	nan
-100.000000	nan
-99.399399	nan
-98.798799	nan
-98.198198	nan
-97.597598	nan
-96.996997	nan
-96.396396	nan
-95.795796	nan
-95.195195	nan
-94.594595	nan
-93.993994	nan
-93.393393	nan
-92.792793	nan
-92.192192	nan
-91.591592	nan
-90.990991	nan
-90.390390	nan
-89.789790	nan
-89.189189	nan
-88.588589	nan
-87.987988	nan
-87.387387	nan
-86.786787	nan
-86.186186	nan
-85.585586	nan
-84.984985	nan
-84.384384	nan
-83.783784	nan
-83.183183	nan
-82.582583	nan
-81.981982	nan
-81.381381	nan
-80.780781	nan
-80.180180	nan
-79.579580	nan
-78.978979	nan
-78.378378	nan
-77.777778	nan
-77.177177	nan
-76.576577	nan
-75.975976	nan
-75.375375	nan
-74.774775	nan
-74.174174	nan
-73.573574	nan
-72.972973	nan
-72.372372	nan
-71.771772	nan
-71.171171	nan
-70.570571	nan
-69.969970	nan
-69.369369	nan
-68.768769	nan
-68.168168	nan
-67.567568	nan
-66.966967	nan
-66.366366	nan
-65.765766	nan
-65.165165	nan
-64.564565	nan
-63.963964	nan
-63.363363	nan
-62.762763	nan
-62.162162	nan
-61.561562	nan
-60.960961	nan
-60.360360	nan
-59.759760	nan
-59.159159	nan
-58.558559	nan
-57.957958	nan
-57.357357	nan
-56.756757	nan
-56.156156	nan
-55.555556	nan
-54.954955	nan
-54.354354	nan
-53.753754	nan
-53.153153	nan
-52.552553	nan
-51.951952	nan
-51.351351	nan
-50.750751	nan
-50.150150	nan
-49.549550	nan
-48.948949	nan
-48.348348	nan
-47.747748	nan
-47.147147	nan
-46.546547	nan
-45.945946	nan
-45.345345	nan
-44.744745	nan
-44.144144	nan
-43.543544	nan
-42.942943	nan
-42.342342	nan
-41.741742	nan
-41.141141	nan
-40.540541	nan
-39.939940	nan
-39.339339	nan
-38.738739	nan
-38.138138	nan
-37.537538	nan
-36.936937	nan
-36.336336	nan
-35.735736	nan
-35.135135	nan
-34.534535	nan
-33.933934	nan
-33.333333	nan
-32.732733	nan
-32.132132	nan
-31.531532	nan
-30.930931	nan
-30.330330	nan
-29.729730	nan
-29.129129	nan
-28.528529	nan
-27.927928	nan
-27.327327	nan
-26.726727	nan
-26.126126	nan
-25.525526	nan
-24.924925	nan
-24.324324	nan
-23.723724	nan
-23.123123	nan
-22.522523	nan
-21.921922	nan
-21.321321	nan
-20.720721	nan
-20.120120	nan
-19.519520	nan
-18.918919	nan
-18.318318	nan
-17.717718	nan
-17.117117	nan
-16.516517	nan
-15.915916	nan
-15.315315	nan
-14.714715	nan
-14.114114	nan
-13.513514	nan
-12.912913	nan
-12.312312	nan
-11.711712	nan
-11.111111	nan
-10.510511	nan
-9.909910	nan
-9.309309	nan
-8.708709	nan
-8.108108	nan
-7.507508	nan
-6.906907	nan
-6.306306	nan
-5.705706	nan
-5.105105	nan
-4.504505	nan
-3.903904	nan
-3.303303	nan
-2.702703	nan
-2.102102	nan
-1.501502	nan
-0.900901	nan
-0.300300	nan
0.300300	nan
0.900901	nan
1.501502	nan
2.102102	nan
2.702703	nan
3.303303	nan
3.903904	nan
4.504505	nan
5.105105	nan
5.705706	nan
6.306306	nan
6.906907	nan
7.507508	nan
8.108108	nan
8.708709	nan
9.309309	nan
9.909910	nan
10.510511	nan
11.111111	nan
11.711712	nan
12.312312	nan
12.912913	nan
13.513514	nan
14.114114	nan
14.714715	nan
15.315315	nan
15.915916	nan
16.516517	nan
17.117117	nan
17.717718	nan
18.318318	nan
18.918919	nan
19.519520	nan
20.120120	nan
20.720721	nan
21.321321	nan
21.921922	nan
22.522523	nan
23.123123	nan
23.723724	nan
24.324324	nan
24.924925	nan
25.525526	nan
26.126126	nan
26.726727	nan
27.327327	nan
27.927928	nan
28.528529	nan
29.129129	nan
29.729730	nan
30.330330	nan
30.930931	nan
31.531532	nan
32.132132	nan
32.732733	nan
33.333333	nan
33.933934	nan
34.534535	nan
35.135135	nan
35.735736	nan
36.336336	nan
36.936937	nan
37.537538	nan
38.138138	nan
38.738739	nan
39.339339	nan
39.939940	nan
40.540541	nan
41.141141	nan
41.741742	nan
42.342342	nan
42.942943	nan
43.543544	nan
44.144144	nan
44.744745	nan
45.345345	nan
45.945946	nan
46.546547	nan
47.147147	nan
47.747748	nan
48.348348	nan
48.948949	nan
49.549550	nan
50.150150	nan
50.750751	nan
51.351351	nan
51.951952	nan
52.552553	nan
53.153153	nan
53.753754	nan
54.354354	nan
54.954955	nan
55.555556	nan
56.156156	nan
56.756757	nan
57.357357	nan
57.957958	nan
58.558559	nan
59.159159	nan
59.759760	nan
60.360360	nan
60.960961	nan
61.561562	nan
62.162162	nan
62.762763	nan
63.363363	nan
63.963964	nan
64.564565	nan
65.165165	nan
65.765766	nan
66.366366	nan
66.966967	nan
67.567568	nan
68.168168	nan
68.768769	nan
69.369369	nan
69.969970	nan
70.570571	nan
71.171171	nan
71.771772	nan
72.372372	nan
72.972973	nan
73.573574	nan
74.174174	nan
74.774775	nan
75.375375	nan
75.975976	nan
76.576577	nan
77.177177	nan
77.777778	nan
78.378378	nan
78.978979	nan
79.579580	nan
80.180180	nan
80.780781	nan
81.381381	nan
81.981982	nan
82.582583	nan
83.183183	nan
83.783784	nan
84.384384	nan
84.984985	nan
85.585586	nan
86.186186	nan
86.786787	nan
87.387387	nan
87.987988	nan
88.588589	nan
89.189189	nan
89.789790	nan
90.390390	nan
90.990991	nan
91.591592	nan
92.192192	nan
92.792793	nan
93.393393	nan
93.993994	nan
94.594595	nan
95.195195	nan
95.795796	nan
96.396396	nan
96.996997	nan
97.597598	nan
98.198198	nan
98.798799	nan
99.399399	nan
100.000000	nan
100.600601	nan
101.201201	nan
101.801802	nan
102.402402	nan
103.003003	nan
103.603604	nan
104.204204	nan
104.804805	nan
105.405405	nan
106.006006	nan
106.606607	nan
107.207207	nan
107.807808	nan
108.408408	nan
109.009009	nan
109.609610	nan
110.210210	nan
110.810811	nan
111.411411	nan
112.012012	nan
112.612613	nan
113.213213	nan
113.813814	nan
114.414414	nan
115.015015	nan
115.615616	nan
116.216216	nan
116.816817	nan
117.417417	nan
118.018018	nan
118.618619	nan
119.219219	nan
119.819820	nan
120.420420	nan
121.021021	nan
121.621622	nan
122.222222	nan
122.822823	nan
123.423423	nan
124.024024	nan
124.624625	nan
125.225225	nan
125.825826	nan
126.426426	nan
127.027027	nan
127.627628	nan
128.228228	nan
128.828829	nan
129.429429	nan
130.030030	nan
130.630631	nan
131.231231	nan
131.831832	nan
132.432432	nan
133.033033	nan
133.633634	nan
134.234234	nan
134.834835	nan
135.435435	nan
136.036036	nan
136.636637	nan
137.237237	nan
137.837838	nan
138.438438	nan
139.039039	nan
139.639640	nan
140.240240	nan
140.840841	nan
141.441441	nan
142.042042	nan
142.642643	nan
143.243243	nan
143.843844	nan
144.444444	nan
145.045045	nan
145.645646	nan
146.246246	nan
146.846847	nan
147.447447	nan
148.048048	nan
148.648649	nan
149.249249	nan
149.849850	nan
150.450450	nan
151.051051	nan
151.651652	nan
152.252252	nan
152.852853	nan
153.453453	nan
154.054054	nan
154.654655	nan
155.255255	nan
155.855856	nan
156.456456	nan
157.057057	nan
157.657658	nan
158.258258	nan
158.858859	nan
159.459459	nan
160.060060	nan
160.660661	nan
161.261261	nan
161.861862	nan
162.462462	nan
163.063063	nan
163.663664	nan
164.264264	nan
164.864865	nan
165.465465	nan
166.066066	nan
166.666667	nan
167.267267	nan
167.867868	nan
168.468468	nan
169.069069	nan
169.669670	nan
170.270270	nan
170.870871	nan
171.471471	nan
172.072072	nan
172.672673	nan
173.273273	nan
173.873874	nan
174.474474	nan
175.075075	nan
175.675676	nan
176.276276	nan
176.876877	nan
177.477477	nan
178.078078	nan
178.678679	nan
179.279279	nan
179.879880	nan
180.480480	nan
181.081081	nan
181.681682	nan
182.282282	nan
182.882883	nan
183.483483	nan
184.084084	nan
184.684685	nan
185.285285	nan
185.885886	nan
186.486486	nan
187.087087	nan
187.687688	nan
188.288288	nan
188.888889	nan
189.489489	nan
190.090090	nan
190.690691	nan
191.291291	nan
191.891892	nan
192.492492	nan
193.093093	nan
193.693694	nan
194.294294	nan
194.894895	nan
195.495495	nan
196.096096	nan
196.696697	nan
197.297297	nan
197.897898	nan
198.498498	nan
199.099099	nan
199.699700	nan
200.300300	nan
200.900901	nan
201.501502	nan
202.102102	nan
202.702703	nan
203.303303	nan
203.903904	nan
204.504505	nan
205.105105	nan
205.705706	nan
206.306306	nan
206.906907	nan
207.507508	nan
208.108108	nan
208.708709	nan
209.309309	nan
209.909910	nan
210.510511	nan
211.111111	nan
211.711712	nan
212.312312	nan
212.912913	nan
213.513514	nan
214.114114	nan
214.714715	nan
215.315315	nan
215.915916	nan
216.516517	nan
217.117117	nan
217.717718	nan
218.318318	nan
218.918919	nan
219.519520	nan
220.120120	nan
220.720721	nan
221.321321	nan
221.921922	nan
222.522523	nan
223.123123	nan
223.723724	nan
224.324324	nan
224.924925	nan
225.525526	nan
226.126126	nan
226.726727	nan
227.327327	nan
227.927928	nan
228.528529	nan
229.129129	nan
229.729730	nan
230.330330	nan
230.930931	nan
231.531532	nan
232.132132	nan
232.732733	nan
233.333333	nan
233.933934	nan
234.534535	nan
235.135135	nan
235.735736	nan
236.336336	nan
236.936937	nan
237.537538	nan
238.138138	nan
238.738739	nan
239.339339	nan
239.939940	nan
240.540541	nan
241.141141	nan
241.741742	nan
242.342342	nan
242.942943	nan
243.543544	nan
244.144144	nan
244.744745	nan
245.345345	nan
245.945946	nan
246.546547	nan
247.147147	nan
247.747748	nan
248.348348	nan
248.948949	nan
249.549550	nan
250.150150	nan
250.750751	nan
251.351351	nan
251.951952	nan
252.552553	nan
253.153153	nan
253.753754	nan
254.354354	nan
254.954955	nan
255.555556	nan
256.156156	nan
256.756757	nan
257.357357	nan
257.957958	nan
258.558559	nan
259.159159	nan
259.759760	nan
260.360360	nan
260.960961	nan
261.561562	nan
262.162162	nan
262.762763	nan
263.363363	nan
263.963964	nan
264.564565	nan
265.165165	nan
265.765766	nan
266.366366	nan
266.966967	nan
267.567568	nan
268.168168	nan
268.768769	nan
269.369369	nan
269.969970	nan
270.570571	nan
271.171171	nan
271.771772	nan
272.372372	nan
272.972973	nan
273.573574	nan
274.174174	nan
274.774775	nan
275.375375	nan
275.975976	nan
276.576577	nan
277.177177	nan
277.777778	nan
278.378378	nan
278.978979	nan
279.579580	nan
280.180180	nan
280.780781	nan
281.381381	nan
281.981982	nan
282.582583	nan
283.183183	nan
283.783784	nan
284.384384	nan
284.984985	nan
285.585586	nan
286.186186	nan
286.786787	nan
287.387387	nan
287.987988	nan
288.588589	nan
289.189189	nan
289.789790	nan
290.390390	nan
290.990991	nan
291.591592	nan
292.192192	nan
292.792793	nan
293.393393	nan
293.993994	nan
294.594595	nan
295.195195	nan
295.795796	nan
296.396396	nan
296.996997	nan
297.597598	nan
298.198198	nan
298.798799	nan
299.399399	nan
300.000000	nan
