-50.000000	0.063676
-49.969994	0.063811
-49.939988	0.063946
-49.909982	0.064082
-49.879976	0.064219
-49.849970	0.064357
-49.819964	0.064495
-49.789958	0.064634
-49.759952	0.064774
-49.729946	0.064916
-49.699940	0.065058
-49.669934	0.065201
-49.639928	0.065346
-49.609922	0.065492
-49.579916	0.065639
-49.549910	0.065787
-49.519904	0.065936
-49.489898	0.066087
-49.459892	0.066240
-49.429886	0.066393
-49.399880	0.066548
-49.369874	0.066705
-49.339868	0.066863
-49.309862	0.067022
-49.279856	0.067183
-49.249850	0.067346
-49.219844	0.067510
-49.189838	0.067675
-49.159832	0.067842
-49.129826	0.068010
-49.099820	0.068180
-49.069814	0.068352
-49.039808	0.068524
-49.009802	0.068698
-48.979796	0.068874
-48.949790	0.069051
-48.919784	0.069229
-48.889778	0.069408
-48.859772	0.069589
-48.829766	0.069771
-48.799760	0.069954
-48.769754	0.070138
-48.739748	0.070323
-48.709742	0.070510
-48.679736	0.070697
-48.649730	0.070885
-48.619724	0.071075
-48.589718	0.071265
-48.559712	0.071456
-48.529706	0.071647
-48.499700	0.071840
-48.469694	0.072033
-48.439688	0.072226
-48.409682	0.072420
-48.379676	0.072615
-48.349670	0.072810
-48.319664	0.073006
-48.289658	0.073202
-48.259652	0.073399
-48.229646	0.073595
-48.199640	0.073793
-48.169634	0.073990
-48.139628	0.074188
-48.109622	0.074385
-48.079616	0.074583
-48.049610	0.074782
-48.019604	0.074980
-47.989598	0.075179
-47.959592	0.075378
-47.929586	0.075577
-47.899580	0.075776
-47.869574	0.075975
-47.839568	0.076175
-47.809562	0.076374
-47.779556	0.076574
-47.749550	0.076775
-47.719544	0.076975
-47.689538	0.077176
-47.659532	0.077377
-47.629526	0.077578
-47.599520	0.077780
-47.569514	0.077982
-47.539508	0.078185
-47.509502	0.078389
-47.479496	0.078593
-47.449490	0.078797
-47.419484	0.079002
-47.389478	0.079209
-47.359472	0.079415
-47.329466	0.079623
-47.299460	0.079832
-47.269454	0.080042
-47.239448	0.080252
-47.209442	0.080464
-47.179436	0.080677
-47.149430	0.080892
-47.119424	0.081107
-47.089418	0.081324
-47.059412	0.081543
-47.029406	0.081763
-46.999400	0.081985
-46.969394	0.082208
-46.939388	0.082433
-46.909382	0.082659
-46.879376	0.082888
-46.849370	0.083118
-46.819364	0.083351
-46.789358	0.083585
-46.759352	0.083821
-46.729346	0.084059
-46.699340	0.084299
-46.669334	0.084542
-46.639328	0.084786
-46.609322	0.085033
-46.579316	0.085282
-46.549310	0.085533
-46.519304	0.085786
-46.489298	0.086041
-46.459292	0.086299
-46.429286	0.086559
-46.399280	0.086821
-46.369274	0.087085
-46.339268	0.087351
-46.309262	0.087620
-46.279256	0.087891
-46.249250	0.088163
-46.219244	0.088438
-46.189238	0.088716
-46.159232	0.088995
-46.129226	0.089276
-46.099220	0.089559
-46.069214	0.089844
-46.039208	0.090132
-46.009202	0.090421
-45.979196	0.090711
-45.949190	0.091004
-45.919184	0.091298
-45.889178	0.091595
-45.859172	0.091892
-45.829166	0.092192
-45.799160	0.092493
-45.769154	0.092795
-45.739148	0.093099
-45.709142	0.093404
-45.679136	0.093711
-45.649130	0.094019
-45.619124	0.094329
-45.589118	0.094639
-45.559112	0.094951
-45.529106	0.095264
-45.499100	0.095579
-45.469094	0.095894
-45.439088	0.096210
-45.409082	0.096528
-45.379076	0.096847
-45.349070	0.097166
-45.319064	0.097487
-45.289058	0.097809
-45.259052	0.098132
-45.229046	0.098456
-45.199040	0.098781
-45.169034	0.099106
-45.139028	0.099434
-45.109022	0.099762
-45.079016	0.100091
-45.049010	0.100421
-45.019004	0.100753
-44.988998	0.101085
-44.958992	0.101419
-44.928986	0.101755
-44.898980	0.102091
-44.868974	0.102429
-44.838968	0.102769
-44.808962	0.103110
-44.778956	0.103452
-44.748950	0.103796
-44.718944	0.104142
-44.688938	0.104490
-44.658932	0.104840
-44.628926	0.105191
-44.598920	0.105544
-44.568914	0.105900
-44.538908	0.106258
-44.508902	0.106618
-44.478896	0.106980
-44.448890	0.107345
-44.418884	0.107712
-44.388878	0.108082
-44.358872	0.108455
-44.328866	0.108830
-44.298860	0.109208
-44.268854	0.109589
-44.238848	0.109974
-44.208842	0.110361
-44.178836	0.110751
-44.148830	0.111145
-44.118824	0.111542
-44.088818	0.111942
-44.058812	0.112346
-44.028806	0.112754
-43.998800	0.113164
-43.968794	0.113579
-43.938788	0.113997
-43.908782	0.114419
-43.878776	0.114845
-43.848770	0.115274
-43.818764	0.115708
-43.788758	0.116145
-43.758752	0.116586
-43.728746	0.117031
-43.698740	0.117480
-43.668734	0.117934
-43.638728	0.118391
-43.608722	0.118851
-43.578716	0.119316
-43.548710	0.119785
-43.518704	0.120258
-43.488698	0.120735
-43.458692	0.121216
-43.428686	0.121701
-43.398680	0.122190
-43.368674	0.122682
-43.338668	0.123179
-43.308662	0.123679
-43.278656	0.124183
-43.248650	0.124691
-43.218644	0.125203
-43.188638	0.125718
-43.158632	0.126237
-43.128626	0.126760
-43.098620	0.127286
-43.068614	0.127816
-43.038608	0.128349
-43.008602	0.128886
-42.978596	0.129427
-42.948590	0.129971
-42.918584	0.130518
-42.888578	0.131069
-42.858572	0.131623
-42.828566	0.132181
-42.798560	0.132742
-42.768554	0.133306
-42.738548	0.133873
-42.708542	0.134444
-42.678536	0.135018
-42.648530	0.135596
-42.618524	0.136176
-42.588518	0.136760
-42.558512	0.137348
-42.528506	0.137938
-42.498500	0.138533
-42.468494	0.139130
-42.438488	0.139731
-42.408482	0.140336
-42.378476	0.140944
-42.348470	0.141556
-42.318464	0.142171
-42.288458	0.142790
-42.258452	0.143413
-42.228446	0.144040
-42.198440	0.144671
-42.168434	0.145306
-42.138428	0.145945
-42.108422	0.146588
-42.078416	0.147236
-42.048410	0.147888
-42.018404	0.148545
-41.988398	0.149206
-41.958392	0.149872
-41.928386	0.150544
-41.898380	0.151220
-41.868374	0.151901
-41.838368	0.152588
-41.808362	0.153280
-41.778356	0.153978
-41.748350	0.154682
-41.718344	0.155391
-41.688338	0.156107
-41.658332	0.156828
-41.628326	0.157556
-41.598320	0.158291
-41.568314	0.159032
-41.538308	0.159780
-41.508302	0.160534
-41.478296	0.161296
-41.448290	0.162064
-41.418284	0.162840
-41.388278	0.163624
-41.358272	0.164415
-41.328266	0.165213
-41.298260	0.166020
-41.268254	0.166834
-41.238248	0.167656
-41.208242	0.168486
-41.178236	0.169325
-41.148230	0.170172
-41.118224	0.171027
-41.088218	0.171891
-41.058212	0.172764
-41.028206	0.173645
-40.998200	0.174535
-40.968194	0.175433
-40.938188	0.176341
-40.908182	0.177257
-40.878176	0.178183
-40.848170	0.179118
-40.818164	0.180061
-40.788158	0.181014
-40.758152	0.181977
-40.728146	0.182948
-40.698140	0.183929
-40.668134	0.184919
-40.638128	0.185919
-40.608122	0.186928
-40.578116	0.187946
-40.548110	0.188974
-40.518104	0.190011
-40.488098	0.191058
-40.458092	0.192114
-40.428086	0.193180
-40.398080	0.194256
-40.368074	0.195341
-40.338068	0.196435
-40.308062	0.197540
-40.278056	0.198654
-40.248050	0.199777
-40.218044	0.200911
-40.188038	0.202054
-40.158032	0.203207
-40.128026	0.204370
-40.098020	0.205543
-40.068014	0.206726
-40.038008	0.207919
-40.008002	0.209122
-39.977996	0.210335
-39.947990	0.211558
-39.917984	0.212792
-39.887978	0.214036
-39.857972	0.215291
-39.827966	0.216557
-39.797960	0.217833
-39.767954	0.219120
-39.737948	0.220418
-39.707942	0.221728
-39.677936	0.223048
-39.647930	0.224381
-39.617924	0.225725
-39.587918	0.227080
-39.557912	0.228448
-39.527906	0.229828
-39.497900	0.231221
-39.467894	0.232626
-39.437888	0.234044
-39.407882	0.235475
-39.377876	0.236919
-39.347870	0.238377
-39.317864	0.239849
-39.287858	0.241335
-39.257852	0.242836
-39.227846	0.244350
-39.197840	0.245880
-39.167834	0.247425
-39.137828	0.248986
-39.107822	0.250562
-39.077816	0.252154
-39.047810	0.253763
-39.017804	0.255389
-38.987798	0.257031
-38.957792	0.258691
-38.927786	0.260368
-38.897780	0.262063
-38.867774	0.263776
-38.837768	0.265508
-38.807762	0.267259
-38.777756	0.269029
-38.747750	0.270818
-38.717744	0.272627
-38.687738	0.274457
-38.657732	0.276306
-38.627726	0.278177
-38.597720	0.280068
-38.567714	0.281980
-38.537708	0.283914
-38.507702	0.285870
-38.477696	0.287848
-38.447690	0.289849
-38.417684	0.291872
-38.387678	0.293918
-38.357672	0.295987
-38.327666	0.298079
-38.297660	0.300196
-38.267654	0.302336
-38.237648	0.304500
-38.207642	0.306689
-38.177636	0.308902
-38.147630	0.311140
-38.117624	0.313403
-38.087618	0.315691
-38.057612	0.318005
-38.027606	0.320344
-37.997600	0.322709
-37.967594	0.325100
-37.937588	0.327517
-37.907582	0.329961
-37.877576	0.332431
-37.847570	0.334927
-37.817564	0.337451
-37.787558	0.340001
-37.757552	0.342579
-37.727546	0.345183
-37.697540	0.347816
-37.667534	0.350475
-37.637528	0.353163
-37.607522	0.355878
-37.577516	0.358622
-37.547510	0.361393
-37.517504	0.364194
-37.487497	0.367022
-37.457491	0.369879
-37.427485	0.372766
-37.397479	0.375681
-37.367473	0.378625
-37.337467	0.381599
-37.307461	0.384602
-37.277455	0.387635
-37.247449	0.390698
-37.217443	0.393791
-37.187437	0.396915
-37.157431	0.400069
-37.127425	0.403253
-37.097419	0.406469
-37.067413	0.409716
-37.037407	0.412994
-37.007401	0.416303
-36.977395	0.419645
-36.947389	0.423019
-36.917383	0.426425
-36.887377	0.429863
-36.857371	0.433334
-36.827365	0.436839
-36.797359	0.440376
-36.767353	0.443947
-36.737347	0.447552
-36.707341	0.451190
-36.677335	0.454863
-36.647329	0.458570
-36.617323	0.462312
-36.587317	0.466089
-36.557311	0.469900
-36.527305	0.473747
-36.497299	0.477629
-36.467293	0.481547
-36.437287	0.485500
-36.407281	0.489489
-36.377275	0.493514
-36.347269	0.497575
-36.317263	0.501672
-36.287257	0.505805
-36.257251	0.509974
-36.227245	0.514180
-36.197239	0.518421
-36.167233	0.522698
-36.137227	0.527011
-36.107221	0.531359
-36.077215	0.535743
-36.047209	0.540162
-36.017203	0.544616
-35.987197	0.549104
-35.957191	0.553627
-35.927185	0.558184
-35.897179	0.562773
-35.867173	0.567396
-35.837167	0.572051
-35.807161	0.576737
-35.777155	0.581455
-35.747149	0.586202
-35.717143	0.590979
-35.687137	0.595784
-35.657131	0.600616
-35.627125	0.605476
-35.597119	0.610360
-35.567113	0.615269
-35.537107	0.620201
-35.507101	0.625155
-35.477095	0.630130
-35.447089	0.635124
-35.417083	0.640135
-35.387077	0.645163
-35.357071	0.650205
-35.327065	0.655260
-35.297059	0.660326
-35.267053	0.665402
-35.237047	0.670485
-35.207041	0.675574
-35.177035	0.680667
-35.147029	0.685761
-35.117023	0.690854
-35.087017	0.695945
-35.057011	0.701032
-35.027005	0.706111
-34.996999	0.711180
-34.966993	0.716238
-34.936987	0.721282
-34.906981	0.726309
-34.876975	0.731316
-34.846969	0.736302
-34.816963	0.741264
-34.786957	0.746199
-34.756951	0.751104
-34.726945	0.755977
-34.696939	0.760815
-34.666933	0.765615
-34.636927	0.770375
-34.606921	0.775092
-34.576915	0.779764
-34.546909	0.784387
-34.516903	0.788959
-34.486897	0.793476
-34.456891	0.797938
-34.426885	0.802339
-34.396879	0.806679
-34.366873	0.810954
-34.336867	0.815162
-34.306861	0.819301
-34.276855	0.823366
-34.246849	0.827357
-34.216843	0.831271
-34.186837	0.835104
-34.156831	0.838856
-34.126825	0.842523
-34.096819	0.846104
-34.066813	0.849596
-34.036807	0.852997
-34.006801	0.856305
-33.976795	0.859518
-33.946789	0.862635
-33.916783	0.865653
-33.886777	0.868571
-33.856771	0.871388
-33.826765	0.874101
-33.796759	0.876710
-33.766753	0.879212
-33.736747	0.881608
-33.706741	0.883896
-33.676735	0.886075
-33.646729	0.888144
-33.616723	0.890102
-33.586717	0.891949
-33.556711	0.893684
-33.526705	0.895307
-33.496699	0.896817
-33.466693	0.898215
-33.436687	0.899500
-33.406681	0.900673
-33.376675	0.901733
-33.346669	0.902682
-33.316663	0.903518
-33.286657	0.904244
-33.256651	0.904859
-33.226645	0.905365
-33.196639	0.905762
-33.166633	0.906051
-33.136627	0.906233
-33.106621	0.906311
-33.076615	0.906284
-33.046609	0.906154
-33.016603	0.905924
-32.986597	0.905594
-32.956591	0.905166
-32.926585	0.904643
-32.896579	0.904026
-32.866573	0.903316
-32.836567	0.902517
-32.806561	0.901630
-32.776555	0.900658
-32.746549	0.899602
-32.716543	0.898466
-32.686537	0.897251
-32.656531	0.895961
-32.626525	0.894597
-32.596519	0.893162
-32.566513	0.891659
-32.536507	0.890091
-32.506501	0.888460
-32.476495	0.886769
-32.446489	0.885021
-32.416483	0.883218
-32.386477	0.881364
-32.356471	0.879461
-32.326465	0.877512
-32.296459	0.875520
-32.266453	0.873487
-32.236447	0.871417
-32.206441	0.869312
-32.176435	0.867175
-32.146429	0.865009
-32.116423	0.862816
-32.086417	0.860600
-32.056411	0.858363
-32.026405	0.856107
-31.996399	0.853835
-31.966393	0.851551
-31.936387	0.849255
-31.906381	0.846952
-31.876375	0.844642
-31.846369	0.842329
-31.816363	0.840015
-31.786357	0.837703
-31.756351	0.835393
-31.726345	0.833089
-31.696339	0.830793
-31.666333	0.828505
-31.636327	0.826230
-31.606321	0.823967
-31.576315	0.821720
-31.546309	0.819489
-31.516303	0.817277
-31.486297	0.815085
-31.456291	0.812914
-31.426285	0.810765
-31.396279	0.808641
-31.366273	0.806542
-31.336267	0.804469
-31.306261	0.802424
-31.276255	0.800408
-31.246249	0.798421
-31.216243	0.796464
-31.186237	0.794538
-31.156231	0.792644
-31.126225	0.790782
-31.096219	0.788953
-31.066213	0.787158
-31.036207	0.785397
-31.006201	0.783669
-30.976195	0.781977
-30.946189	0.780318
-30.916183	0.778695
-30.886177	0.777107
-30.856171	0.775554
-30.826165	0.774035
-30.796159	0.772552
-30.766153	0.771103
-30.736147	0.769689
-30.706141	0.768310
-30.676135	0.766964
-30.646129	0.765653
-30.616123	0.764375
-30.586117	0.763130
-30.556111	0.761918
-30.526105	0.760738
-30.496099	0.759591
-30.466093	0.758474
-30.436087	0.757388
-30.406081	0.756333
-30.376075	0.755308
-30.346069	0.754311
-30.316063	0.753344
-30.286057	0.752404
-30.256051	0.751491
-30.226045	0.750606
-30.196039	0.749746
-30.166033	0.748912
-30.136027	0.748103
-30.106021	0.747318
-30.076015	0.746556
-30.046009	0.745817
-30.016003	0.745101
-29.985997	0.744406
-29.955991	0.743733
-29.925985	0.743079
-29.895979	0.742446
-29.865973	0.741831
-29.835967	0.741236
-29.805961	0.740658
-29.775955	0.740097
-29.745949	0.739554
-29.715943	0.739027
-29.685937	0.738516
-29.655931	0.738020
-29.625925	0.737538
-29.595919	0.737071
-29.565913	0.736618
-29.535907	0.736179
-29.505901	0.735752
-29.475895	0.735338
-29.445889	0.734936
-29.415883	0.734546
-29.385877	0.734167
-29.355871	0.733800
-29.325865	0.733442
-29.295859	0.733096
-29.265853	0.732759
-29.235847	0.732432
-29.205841	0.732115
-29.175835	0.731807
-29.145829	0.731508
-29.115823	0.731217
-29.085817	0.730935
-29.055811	0.730661
-29.025805	0.730396
-28.995799	0.730138
-28.965793	0.729887
-28.935787	0.729645
-28.905781	0.729409
-28.875775	0.729181
-28.845769	0.728959
-28.815763	0.728745
-28.785757	0.728537
-28.755751	0.728335
-28.725745	0.728140
-28.695739	0.727952
-28.665733	0.727769
-28.635727	0.727592
-28.605721	0.727421
-28.575715	0.727256
-28.545709	0.727097
-28.515703	0.726942
-28.485697	0.726794
-28.455691	0.726650
-28.425685	0.726512
-28.395679	0.726379
-28.365673	0.726251
-28.335667	0.726127
-28.305661	0.726008
-28.275655	0.725894
-28.245649	0.725784
-28.215643	0.725679
-28.185637	0.725577
-28.155631	0.725480
-28.125625	0.725387
-28.095619	0.725297
-28.065613	0.725212
-28.035607	0.725130
-28.005601	0.725051
-27.975595	0.724976
-27.945589	0.724904
-27.915583	0.724835
-27.885577	0.724769
-27.855571	0.724706
-27.825565	0.724646
-27.795559	0.724588
-27.765553	0.724533
-27.735547	0.724480
-27.705541	0.724429
-27.675535	0.724381
-27.645529	0.724335
-27.615523	0.724290
-27.585517	0.724248
-27.555511	0.724207
-27.525505	0.724168
-27.495499	0.724130
-27.465493	0.724094
-27.435487	0.724059
-27.405481	0.724025
-27.375475	0.723992
-27.345469	0.723961
-27.315463	0.723930
-27.285457	0.723901
-27.255451	0.723872
-27.225445	0.723844
-27.195439	0.723817
-27.165433	0.723791
-27.135427	0.723765
-27.105421	0.723739
-27.075415	0.723715
-27.045409	0.723691
-27.015403	0.723667
-26.985397	0.723644
-26.955391	0.723621
-26.925385	0.723599
-26.895379	0.723577
-26.865373	0.723556
-26.835367	0.723535
-26.805361	0.723514
-26.775355	0.723494
-26.745349	0.723475
-26.715343	0.723456
-26.685337	0.723437
-26.655331	0.723419
-26.625325	0.723402
-26.595319	0.723385
-26.565313	0.723369
-26.535307	0.723354
-26.505301	0.723339
-26.475295	0.723325
-26.445289	0.723312
-26.415283	0.723299
-26.385277	0.723288
-26.355271	0.723277
-26.325265	0.723268
-26.295259	0.723259
-26.265253	0.723251
-26.235247	0.723245
-26.205241	0.723240
-26.175235	0.723235
-26.145229	0.723233
-26.115223	0.723231
-26.085217	0.723230
-26.055211	0.723231
-26.025205	0.723234
-25.995199	0.723237
-25.965193	0.723242
-25.935187	0.723249
-25.905181	0.723257
-25.875175	0.723267
-25.845169	0.723277
-25.815163	0.723290
-25.785157	0.723304
-25.755151	0.723320
-25.725145	0.723337
-25.695139	0.723355
-25.665133	0.723375
-25.635127	0.723397
-25.605121	0.723420
-25.575115	0.723445
-25.545109	0.723471
-25.515103	0.723498
-25.485097	0.723527
-25.455091	0.723558
-25.425085	0.723589
-25.395079	0.723622
-25.365073	0.723656
-25.335067	0.723692
-25.305061	0.723729
-25.275055	0.723767
-25.245049	0.723806
-25.215043	0.723846
-25.185037	0.723887
-25.155031	0.723929
-25.125025	0.723972
-25.095019	0.724016
-25.065013	0.724060
-25.035007	0.724106
-25.005001	0.724152
-24.974995	0.724198
-24.944989	0.724246
-24.914983	0.724293
-24.884977	0.724342
-24.854971	0.724390
-24.824965	0.724440
-24.794959	0.724489
-24.764953	0.724539
-24.734947	0.724589
-24.704941	0.724639
-24.674935	0.724689
-24.644929	0.724739
-24.614923	0.724790
-24.584917	0.724840
-24.554911	0.724891
-24.524905	0.724941
-24.494899	0.724992
-24.464893	0.725042
-24.434887	0.725092
-24.404881	0.725142
-24.374875	0.725192
-24.344869	0.725242
-24.314863	0.725291
-24.284857	0.725341
-24.254851	0.725390
-24.224845	0.725439
-24.194839	0.725488
-24.164833	0.725537
-24.134827	0.725585
-24.104821	0.725634
-24.074815	0.725682
-24.044809	0.725730
-24.014803	0.725779
-23.984797	0.725827
-23.954791	0.725875
-23.924785	0.725923
-23.894779	0.725971
-23.864773	0.726019
-23.834767	0.726067
-23.804761	0.726115
-23.774755	0.726164
-23.744749	0.726212
-23.714743	0.726261
-23.684737	0.726310
-23.654731	0.726360
-23.624725	0.726410
-23.594719	0.726460
-23.564713	0.726510
-23.534707	0.726561
-23.504701	0.726613
-23.474695	0.726664
-23.444689	0.726717
-23.414683	0.726770
-23.384677	0.726824
-23.354671	0.726878
-23.324665	0.726933
-23.294659	0.726989
-23.264653	0.727045
-23.234647	0.727103
-23.204641	0.727161
-23.174635	0.727219
-23.144629	0.727279
-23.114623	0.727339
-23.084617	0.727401
-23.054611	0.727463
-23.024605	0.727526
-22.994599	0.727590
-22.964593	0.727654
-22.934587	0.727720
-22.904581	0.727786
-22.874575	0.727854
-22.844569	0.727922
-22.814563	0.727991
-22.784557	0.728061
-22.754551	0.728131
-22.724545	0.728203
-22.694539	0.728275
-22.664533	0.728348
-22.634527	0.728421
-22.604521	0.728495
-22.574515	0.728570
-22.544509	0.728646
-22.514503	0.728722
-22.484497	0.728799
-22.454491	0.728876
-22.424485	0.728954
-22.394479	0.729032
-22.364473	0.729111
-22.334467	0.729190
-22.304461	0.729270
-22.274455	0.729349
-22.244449	0.729429
-22.214443	0.729510
-22.184437	0.729590
-22.154431	0.729671
-22.124425	0.729752
-22.094419	0.729832
-22.064413	0.729913
-22.034407	0.729994
-22.004401	0.730075
-21.974395	0.730156
-21.944389	0.730237
-21.914383	0.730318
-21.884377	0.730398
-21.854371	0.730479
-21.824365	0.730559
-21.794359	0.730639
-21.764353	0.730719
-21.734347	0.730799
-21.704341	0.730878
-21.674335	0.730957
-21.644329	0.731036
-21.614323	0.731115
-21.584317	0.731193
-21.554311	0.731271
-21.524305	0.731349
-21.494299	0.731426
-21.464293	0.731504
-21.434287	0.731581
-21.404281	0.731657
-21.374275	0.731734
-21.344269	0.731810
-21.314263	0.731886
-21.284257	0.731962
-21.254251	0.732037
-21.224245	0.732113
-21.194239	0.732188
-21.164233	0.732263
-21.134227	0.732339
-21.104221	0.732414
-21.074215	0.732489
-21.044209	0.732564
-21.014203	0.732639
-20.984197	0.732714
-20.954191	0.732789
-20.924185	0.732864
-20.894179	0.732939
-20.864173	0.733015
-20.834167	0.733091
-20.804161	0.733167
-20.774155	0.733243
-20.744149	0.733319
-20.714143	0.733396
-20.684137	0.733473
-20.654131	0.733551
-20.624125	0.733629
-20.594119	0.733707
-20.564113	0.733785
-20.534107	0.733865
-20.504101	0.733944
-20.474095	0.734024
-20.444089	0.734105
-20.414083	0.734186
-20.384077	0.734268
-20.354071	0.734350
-20.324065	0.734433
-20.294059	0.734516
-20.264053	0.734600
-20.234047	0.734685
-20.204041	0.734770
-20.174035	0.734855
-20.144029	0.734941
-20.114023	0.735028
-20.084017	0.735115
-20.054011	0.735203
-20.024005	0.735292
-19.993999	0.735381
-19.963993	0.735470
-19.933987	0.735560
-19.903981	0.735650
-19.873975	0.735741
-19.843969	0.735832
-19.813963	0.735924
-19.783957	0.736016
-19.753951	0.736108
-19.723945	0.736201
-19.693939	0.736294
-19.663933	0.736387
-19.633927	0.736481
-19.603921	0.736575
-19.573915	0.736669
-19.543909	0.736763
-19.513903	0.736857
-19.483897	0.736952
-19.453891	0.737046
-19.423885	0.737141
-19.393879	0.737235
-19.363873	0.737330
-19.333867	0.737424
-19.303861	0.737519
-19.273855	0.737613
-19.243849	0.737707
-19.213843	0.737802
-19.183837	0.737896
-19.153831	0.737990
-19.123825	0.738083
-19.093819	0.738177
-19.063813	0.738270
-19.033807	0.738363
-19.003801	0.738456
-18.973795	0.738548
-18.943789	0.738640
-18.913783	0.738732
-18.883777	0.738824
-18.853771	0.738916
-18.823765	0.739007
-18.793759	0.739097
-18.763753	0.739188
-18.733747	0.739278
-18.703741	0.739368
-18.673735	0.739458
-18.643729	0.739547
-18.613723	0.739637
-18.583717	0.739726
-18.553711	0.739814
-18.523705	0.739903
-18.493699	0.739991
-18.463693	0.740079
-18.433687	0.740167
-18.403681	0.740255
-18.373675	0.740343
-18.343669	0.740430
-18.313663	0.740518
-18.283657	0.740605
-18.253651	0.740693
-18.223645	0.740780
-18.193639	0.740868
-18.163633	0.740955
-18.133627	0.741043
-18.103621	0.741130
-18.073615	0.741218
-18.043609	0.741306
-18.013603	0.741394
-17.983597	0.741482
-17.953591	0.741571
-17.923585	0.741660
-17.893579	0.741749
-17.863573	0.741838
-17.833567	0.741927
-17.803561	0.742017
-17.773555	0.742107
-17.743549	0.742198
-17.713543	0.742288
-17.683537	0.742380
-17.653531	0.742471
-17.623525	0.742563
-17.593519	0.742655
-17.563513	0.742748
-17.533507	0.742841
-17.503501	0.742935
-17.473495	0.743029
-17.443489	0.743123
-17.413483	0.743218
-17.383477	0.743313
-17.353471	0.743408
-17.323465	0.743504
-17.293459	0.743601
-17.263453	0.743697
-17.233447	0.743795
-17.203441	0.743892
-17.173435	0.743990
-17.143429	0.744088
-17.113423	0.744186
-17.083417	0.744285
-17.053411	0.744384
-17.023405	0.744483
-16.993399	0.744583
-16.963393	0.744682
-16.933387	0.744782
-16.903381	0.744882
-16.873375	0.744982
-16.843369	0.745083
-16.813363	0.745183
-16.783357	0.745284
-16.753351	0.745384
-16.723345	0.745485
-16.693339	0.745585
-16.663333	0.745686
-16.633327	0.745787
-16.603321	0.745887
-16.573315	0.745987
-16.543309	0.746088
-16.513303	0.746188
-16.483297	0.746288
-16.453291	0.746388
-16.423285	0.746488
-16.393279	0.746587
-16.363273	0.746687
-16.333267	0.746786
-16.303261	0.746885
-16.273255	0.746983
-16.243249	0.747082
-16.213243	0.747180
-16.183237	0.747278
-16.153231	0.747376
-16.123225	0.747473
-16.093219	0.747570
-16.063213	0.747667
-16.033207	0.747764
-16.003201	0.747860
-15.973195	0.747956
-15.943189	0.748052
-15.913183	0.748147
-15.883177	0.748243
-15.853171	0.748338
-15.823165	0.748432
-15.793159	0.748527
-15.763153	0.748621
-15.733147	0.748716
-15.703141	0.748810
-15.673135	0.748904
-15.643129	0.748997
-15.613123	0.749091
-15.583117	0.749184
-15.553111	0.749278
-15.523105	0.749371
-15.493099	0.749464
-15.463093	0.749558
-15.433087	0.749651
-15.403081	0.749744
-15.373075	0.749838
-15.343069	0.749931
-15.313063	0.750024
-15.283057	0.750118
-15.253051	0.750212
-15.223045	0.750305
-15.193039	0.750399
-15.163033	0.750494
-15.133027	0.750588
-15.103021	0.750682
-15.073015	0.750777
-15.043009	0.750872
-15.013003	0.750967
-14.982997	0.751063
-14.952991	0.751158
-14.922985	0.751254
-14.892979	0.751350
-14.862973	0.751447
-14.832967	0.751544
-14.802961	0.751641
-14.772955	0.751739
-14.742949	0.751836
-14.712943	0.751934
-14.682937	0.752033
-14.652931	0.752132
-14.622925	0.752231
-14.592919	0.752330
-14.562913	0.752430
-14.532907	0.752529
-14.502901	0.752630
-14.472895	0.752730
-14.442889	0.752831
-14.412883	0.752932
-14.382877	0.753033
-14.352871	0.753134
-14.322865	0.753236
-14.292859	0.753338
-14.262853	0.753440
-14.232847	0.753542
-14.202841	0.753645
-14.172835	0.753747
-14.142829	0.753850
-14.112823	0.753952
-14.082817	0.754055
-14.052811	0.754158
-14.022805	0.754261
-13.992799	0.754363
-13.962793	0.754466
-13.932787	0.754569
-13.902781	0.754672
-13.872775	0.754774
-13.842769	0.754877
-13.812763	0.754980
-13.782757	0.755082
-13.752751	0.755184
-13.722745	0.755286
-13.692739	0.755388
-13.662733	0.755490
-13.632727	0.755592
-13.602721	0.755693
-13.572715	0.755794
-13.542709	0.755895
-13.512703	0.755996
-13.482697	0.756097
-13.452691	0.756197
-13.422685	0.756297
-13.392679	0.756397
-13.362673	0.756496
-13.332667	0.756596
-13.302661	0.756695
-13.272655	0.756793
-13.242649	0.756892
-13.212643	0.756990
-13.182637	0.757088
-13.152631	0.757186
-13.122625	0.757284
-13.092619	0.757381
-13.062613	0.757478
-13.032607	0.757575
-13.002601	0.757672
-12.972595	0.757769
-12.942589	0.757865
-12.912583	0.757962
-12.882577	0.758058
-12.852571	0.758154
-12.822565	0.758250
-12.792559	0.758346
-12.762553	0.758442
-12.732547	0.758537
-12.702541	0.758633
-12.672535	0.758729
-12.642529	0.758824
-12.612523	0.758920
-12.582517	0.759016
-12.552511	0.759112
-12.522505	0.759208
-12.492498	0.759304
-12.462492	0.759400
-12.432486	0.759496
-12.402480	0.759592
-12.372474	0.759689
-12.342468	0.759785
-12.312462	0.759882
-12.282456	0.759979
-12.252450	0.760076
-12.222444	0.760173
-12.192438	0.760271
-12.162432	0.760369
-12.132426	0.760467
-12.102420	0.760565
-12.072414	0.760663
-12.042408	0.760762
-12.012402	0.760861
-11.982396	0.760960
-11.952390	0.761060
-11.922384	0.761160
-11.892378	0.761260
-11.862372	0.761360
-11.832366	0.761460
-11.802360	0.761561
-11.772354	0.761662
-11.742348	0.761763
-11.712342	0.761864
-11.682336	0.761966
-11.652330	0.762068
-11.622324	0.762170
-11.592318	0.762272
-11.562312	0.762374
-11.532306	0.762476
-11.502300	0.762579
-11.472294	0.762682
-11.442288	0.762784
-11.412282	0.762887
-11.382276	0.762990
-11.352270	0.763093
-11.322264	0.763196
-11.292258	0.763299
-11.262252	0.763402
-11.232246	0.763505
-11.202240	0.763608
-11.172234	0.763711
-11.142228	0.763814
-11.112222	0.763917
-11.082216	0.764019
-11.052210	0.764122
-11.022204	0.764224
-10.992198	0.764327
-10.962192	0.764429
-10.932186	0.764531
-10.902180	0.764633
-10.872174	0.764735
-10.842168	0.764836
-10.812162	0.764938
-10.782156	0.765039
-10.752150	0.765140
-10.722144	0.765240
-10.692138	0.765341
-10.662132	0.765441
-10.632126	0.765541
-10.602120	0.765641
-10.572114	0.765741
-10.542108	0.765840
-10.512102	0.765939
-10.482096	0.766038
-10.452090	0.766136
-10.422084	0.766235
-10.392078	0.766333
-10.362072	0.766431
-10.332066	0.766529
-10.302060	0.766627
-10.272054	0.766724
-10.242048	0.766821
-10.212042	0.766919
-10.182036	0.767015
-10.152030	0.767112
-10.122024	0.767209
-10.092018	0.767306
-10.062012	0.767402
-10.032006	0.767499
-10.002000	0.767595
-9.971994	0.767691
-9.941988	0.767788
-9.911982	0.767884
-9.881976	0.767980
-9.851970	0.768076
-9.821964	0.768173
-9.791958	0.768269
-9.761952	0.768365
-9.731946	0.768462
-9.701940	0.768558
-9.671934	0.768655
-9.641928	0.768752
-9.611922	0.768848
-9.581916	0.768945
-9.551910	0.769042
-9.521904	0.769140
-9.491898	0.769237
-9.461892	0.769335
-9.431886	0.769432
-9.401880	0.769530
-9.371874	0.769628
-9.341868	0.769727
-9.311862	0.769825
-9.281856	0.769924
-9.251850	0.770023
-9.221844	0.770122
-9.191838	0.770221
-9.161832	0.770321
-9.131826	0.770421
-9.101820	0.770521
-9.071814	0.770621
-9.041808	0.770721
-9.011802	0.770821
-8.981796	0.770922
-8.951790	0.771023
-8.921784	0.771124
-8.891778	0.771225
-8.861772	0.771326
-8.831766	0.771428
-8.801760	0.771529
-8.771754	0.771631
-8.741748	0.771733
-8.711742	0.771835
-8.681736	0.771937
-8.651730	0.772039
-8.621724	0.772141
-8.591718	0.772243
-8.561712	0.772345
-8.531706	0.772447
-8.501700	0.772549
-8.471694	0.772651
-8.441688	0.772753
-8.411682	0.772855
-8.381676	0.772957
-8.351670	0.773059
-8.321664	0.773161
-8.291658	0.773262
-8.261652	0.773364
-8.231646	0.773465
-8.201640	0.773566
-8.171634	0.773667
-8.141628	0.773768
-8.111622	0.773869
-8.081616	0.773970
-8.051610	0.774070
-8.021604	0.774170
-7.991598	0.774270
-7.961592	0.774370
-7.931586	0.774470
-7.901580	0.774569
-7.871574	0.774668
-7.841568	0.774767
-7.811562	0.774866
-7.781556	0.774965
-7.751550	0.775063
-7.721544	0.775161
-7.691538	0.775259
-7.661532	0.775357
-7.631526	0.775454
-7.601520	0.775551
-7.571514	0.775649
-7.541508	0.775746
-7.511502	0.775842
-7.481496	0.775939
-7.451490	0.776036
-7.421484	0.776132
-7.391478	0.776228
-7.361472	0.776324
-7.331466	0.776420
-7.301460	0.776516
-7.271454	0.776612
-7.241448	0.776708
-7.211442	0.776804
-7.181436	0.776900
-7.151430	0.776995
-7.121424	0.777091
-7.091418	0.777187
-7.061412	0.777282
-7.031406	0.777378
-7.001400	0.777474
-6.971394	0.777570
-6.941388	0.777666
-6.911382	0.777762
-6.881376	0.777858
-6.851370	0.777954
-6.821364	0.778050
-6.791358	0.778147
-6.761352	0.778243
-6.731346	0.778340
-6.701340	0.778437
-6.671334	0.778534
-6.641328	0.778631
-6.611322	0.778728
-6.581316	0.778825
-6.551310	0.778923
-6.521304	0.779021
-6.491298	0.779119
-6.461292	0.779217
-6.431286	0.779315
-6.401280	0.779413
-6.371274	0.779512
-6.341268	0.779611
-6.311262	0.779710
-6.281256	0.779809
-6.251250	0.779908
-6.221244	0.780008
-6.191238	0.780107
-6.161232	0.780207
-6.131226	0.780307
-6.101220	0.780407
-6.071214	0.780507
-6.041208	0.780607
-6.011202	0.780707
-5.981196	0.780808
-5.951190	0.780908
-5.921184	0.781008
-5.891178	0.781109
-5.861172	0.781209
-5.831166	0.781310
-5.801160	0.781410
-5.771154	0.781511
-5.741148	0.781611
-5.711142	0.781712
-5.681136	0.781812
-5.651130	0.781913
-5.621124	0.782013
-5.591118	0.782113
-5.561112	0.782213
-5.531106	0.782313
-5.501100	0.782413
-5.471094	0.782513
-5.441088	0.782613
-5.411082	0.782712
-5.381076	0.782811
-5.351070	0.782911
-5.321064	0.783010
-5.291058	0.783108
-5.261052	0.783207
-5.231046	0.783306
-5.201040	0.783404
-5.171034	0.783502
-5.141028	0.783600
-5.111022	0.783698
-5.081016	0.783795
-5.051010	0.783892
-5.021004	0.783989
-4.990998	0.784086
-4.960992	0.784183
-4.930986	0.784280
-4.900980	0.784376
-4.870974	0.784472
-4.840968	0.784568
-4.810962	0.784664
-4.780956	0.784760
-4.750950	0.784855
-4.720944	0.784951
-4.690938	0.785046
-4.660932	0.785141
-4.630926	0.785236
-4.600920	0.785331
-4.570914	0.785426
-4.540908	0.785521
-4.510902	0.785615
-4.480896	0.785710
-4.450890	0.785804
-4.420884	0.785899
-4.390878	0.785993
-4.360872	0.786088
-4.330866	0.786182
-4.300860	0.786277
-4.270854	0.786371
-4.240848	0.786466
-4.210842	0.786561
-4.180836	0.786655
-4.150830	0.786750
-4.120824	0.786845
-4.090818	0.786940
-4.060812	0.787035
-4.030806	0.787130
-4.000800	0.787225
-3.970794	0.787320
-3.940788	0.787416
-3.910782	0.787511
-3.880776	0.787607
-3.850770	0.787703
-3.820764	0.787799
-3.790758	0.787895
-3.760752	0.787991
-3.730746	0.788088
-3.700740	0.788184
-3.670734	0.788281
-3.640728	0.788378
-3.610722	0.788475
-3.580716	0.788572
-3.550710	0.788669
-3.520704	0.788767
-3.490698	0.788864
-3.460692	0.788962
-3.430686	0.789060
-3.400680	0.789158
-3.370674	0.789256
-3.340668	0.789354
-3.310662	0.789452
-3.280656	0.789551
-3.250650	0.789649
-3.220644	0.789748
-3.190638	0.789846
-3.160632	0.789945
-3.130626	0.790043
-3.100620	0.790142
-3.070614	0.790240
-3.040608	0.790339
-3.010602	0.790438
-2.980596	0.790536
-2.950590	0.790635
-2.920584	0.790733
-2.890578	0.790831
-2.860572	0.790930
-2.830566	0.791028
-2.800560	0.791126
-2.770554	0.791224
-2.740548	0.791322
-2.710542	0.791420
-2.680536	0.791518
-2.650530	0.791615
-2.620524	0.791713
-2.590518	0.791810
-2.560512	0.791907
-2.530506	0.792004
-2.500500	0.792101
-2.470494	0.792197
-2.440488	0.792294
-2.410482	0.792390
-2.380476	0.792486
-2.350470	0.792582
-2.320464	0.792678
-2.290458	0.792773
-2.260452	0.792868
-2.230446	0.792963
-2.200440	0.793058
-2.170434	0.793153
-2.140428	0.793248
-2.110422	0.793342
-2.080416	0.793437
-2.050410	0.793531
-2.020404	0.793625
-1.990398	0.793719
-1.960392	0.793812
-1.930386	0.793906
-1.900380	0.794000
-1.870374	0.794093
-1.840368	0.794186
-1.810362	0.794279
-1.780356	0.794373
-1.750350	0.794466
-1.720344	0.794559
-1.690338	0.794652
-1.660332	0.794744
-1.630326	0.794837
-1.600320	0.794930
-1.570314	0.795023
-1.540308	0.795116
-1.510302	0.795209
-1.480296	0.795302
-1.450290	0.795395
-1.420284	0.795488
-1.390278	0.795581
-1.360272	0.795674
-1.330266	0.795767
-1.300260	0.795861
-1.270254	0.795954
-1.240248	0.796048
-1.210242	0.796141
-1.180236	0.796235
-1.150230	0.796329
-1.120224	0.796423
-1.090218	0.796517
-1.060212	0.796611
-1.030206	0.796706
-1.000200	0.796800
-0.970194	0.796895
-0.940188	0.796989
-0.910182	0.797084
-0.880176	0.797179
-0.850170	0.797274
-0.820164	0.797370
-0.790158	0.797465
-0.760152	0.797561
-0.730146	0.797656
-0.700140	0.797752
-0.670134	0.797848
-0.640128	0.797944
-0.610122	0.798040
-0.580116	0.798136
-0.550110	0.798232
-0.520104	0.798328
-0.490098	0.798425
-0.460092	0.798521
-0.430086	0.798617
-0.400080	0.798714
-0.370074	0.798810
-0.340068	0.798907
-0.310062	0.799003
-0.280056	0.799100
-0.250050	0.799196
-0.220044	0.799293
-0.190038	0.799389
-0.160032	0.799485
-0.130026	0.799581
-0.100020	0.799678
-0.070014	0.799774
-0.040008	0.799870
-0.010002	0.799966
0.020004	0.800061
0.050010	0.800157
0.080016	0.800253
0.110022	0.800348
0.140028	0.800443
0.170034	0.800538
0.200040	0.800633
0.230046	0.800728
0.260052	0.800823
0.290058	0.800917
0.320064	0.801012
0.350070	0.801106
0.380076	0.801200
0.410082	0.801294
0.440088	0.801388
0.470094	0.801481
0.500100	0.801574
0.530106	0.801667
0.560112	0.801760
0.590118	0.801853
0.620124	0.801946
0.650130	0.802039
0.680136	0.802131
0.710142	0.802223
0.740148	0.802315
0.770154	0.802407
0.800160	0.802499
0.830166	0.802591
0.860172	0.802682
0.890178	0.802774
0.920184	0.802865
0.950190	0.802957
0.980196	0.803048
1.010202	0.803139
1.040208	0.803230
1.070214	0.803321
1.100220	0.803413
1.130226	0.803504
1.160232	0.803595
1.190238	0.803686
1.220244	0.803777
1.250250	0.803868
1.280256	0.803959
1.310262	0.804050
1.340268	0.804141
1.370274	0.804233
1.400280	0.804324
1.430286	0.804415
1.460292	0.804507
1.490298	0.804598
1.520304	0.804690
1.550310	0.804782
1.580316	0.804873
1.610322	0.804965
1.640328	0.805057
1.670334	0.805149
1.700340	0.805242
1.730346	0.805334
1.760352	0.805427
1.790358	0.805519
1.820364	0.805612
1.850370	0.805705
1.880376	0.805798
1.910382	0.805891
1.940388	0.805984
1.970394	0.806077
2.000400	0.806171
2.030406	0.806264
2.060412	0.806358
2.090418	0.806452
2.120424	0.806545
2.150430	0.806639
2.180436	0.806733
2.210442	0.806827
2.240448	0.806921
2.270454	0.807015
2.300460	0.807110
2.330466	0.807204
2.360472	0.807298
2.390478	0.807392
2.420484	0.807487
2.450490	0.807581
2.480496	0.807675
2.510502	0.807769
2.540508	0.807863
2.570514	0.807957
2.600520	0.808052
2.630526	0.808146
2.660532	0.808239
2.690538	0.808333
2.720544	0.808427
2.750550	0.808521
2.780556	0.808614
2.810562	0.808708
2.840568	0.808801
2.870574	0.808894
2.900580	0.808987
2.930586	0.809080
2.960592	0.809173
2.990598	0.809266
3.020604	0.809358
3.050610	0.809450
3.080616	0.809543
3.110622	0.809635
3.140628	0.809726
3.170634	0.809818
3.200640	0.809910
3.230646	0.810001
3.260652	0.810092
3.290658	0.810183
3.320664	0.810274
3.350670	0.810365
3.380676	0.810455
3.410682	0.810546
3.440688	0.810636
3.470694	0.810726
3.500700	0.810816
3.530706	0.810906
3.560712	0.810996
3.590718	0.811086
3.620724	0.811176
3.650730	0.811265
3.680736	0.811354
3.710742	0.811444
3.740748	0.811533
3.770754	0.811622
3.800760	0.811712
3.830766	0.811801
3.860772	0.811890
3.890778	0.811979
3.920784	0.812068
3.950790	0.812157
3.980796	0.812246
4.010802	0.812335
4.040808	0.812424
4.070814	0.812514
4.100820	0.812603
4.130826	0.812692
4.160832	0.812781
4.190838	0.812871
4.220844	0.812960
4.250850	0.813050
4.280856	0.813139
4.310862	0.813229
4.340868	0.813319
4.370874	0.813409
4.400880	0.813499
4.430886	0.813589
4.460892	0.813679
4.490898	0.813769
4.520904	0.813860
4.550910	0.813950
4.580916	0.814041
4.610922	0.814132
4.640928	0.814222
4.670934	0.814313
4.700940	0.814404
4.730946	0.814496
4.760952	0.814587
4.790958	0.814678
4.820964	0.814770
4.850970	0.814861
4.880976	0.814953
4.910982	0.815044
4.940988	0.815136
4.970994	0.815228
5.001000	0.815320
5.031006	0.815412
5.061012	0.815504
5.091018	0.815595
5.121024	0.815687
5.151030	0.815779
5.181036	0.815871
5.211042	0.815963
5.241048	0.816055
5.271054	0.816147
5.301060	0.816239
5.331066	0.816331
5.361072	0.816423
5.391078	0.816514
5.421084	0.816606
5.451090	0.816698
5.481096	0.816789
5.511102	0.816880
5.541108	0.816972
5.571114	0.817063
5.601120	0.817154
5.631126	0.817245
5.661132	0.817336
5.691138	0.817426
5.721144	0.817517
5.751150	0.817607
5.781156	0.817697
5.811162	0.817788
5.841168	0.817878
5.871174	0.817967
5.901180	0.818057
5.931186	0.818146
5.961192	0.818236
5.991198	0.818325
6.021204	0.818414
6.051210	0.818503
6.081216	0.818592
6.111222	0.818680
6.141228	0.818769
6.171234	0.818857
6.201240	0.818945
6.231246	0.819033
6.261252	0.819121
6.291258	0.819209
6.321264	0.819297
6.351270	0.819384
6.381276	0.819472
6.411282	0.819559
6.441288	0.819647
6.471294	0.819734
6.501300	0.819821
6.531306	0.819908
6.561312	0.819995
6.591318	0.820083
6.621324	0.820170
6.651330	0.820257
6.681336	0.820344
6.711342	0.820431
6.741348	0.820518
6.771354	0.820605
6.801360	0.820692
6.831366	0.820779
6.861372	0.820866
6.891378	0.820953
6.921384	0.821041
6.951390	0.821128
6.981396	0.821215
7.011402	0.821303
7.041408	0.821390
7.071414	0.821478
7.101420	0.821566
7.131426	0.821653
7.161432	0.821741
7.191438	0.821829
7.221444	0.821917
7.251450	0.822006
7.281456	0.822094
7.311462	0.822182
7.341468	0.822271
7.371474	0.822359
7.401480	0.822448
7.431486	0.822537
7.461492	0.822626
7.491498	0.822715
7.521504	0.822804
7.551510	0.822893
7.581516	0.822982
7.611522	0.823071
7.641528	0.823161
7.671534	0.823250
7.701540	0.823340
7.731546	0.823429
7.761552	0.823519
7.791558	0.823608
7.821564	0.823698
7.851570	0.823788
7.881576	0.823877
7.911582	0.823967
7.941588	0.824057
7.971594	0.824147
8.001600	0.824236
8.031606	0.824326
8.061612	0.824415
8.091618	0.824505
8.121624	0.824594
8.151630	0.824684
8.181636	0.824773
8.211642	0.824863
8.241648	0.824952
8.271654	0.825041
8.301660	0.825130
8.331666	0.825219
8.361672	0.825307
8.391678	0.825396
8.421684	0.825485
8.451690	0.825573
8.481696	0.825661
8.511702	0.825750
8.541708	0.825838
8.571714	0.825925
8.601720	0.826013
8.631726	0.826101
8.661732	0.826188
8.691738	0.826275
8.721744	0.826363
8.751750	0.826449
8.781756	0.826536
8.811762	0.826623
8.841768	0.826710
8.871774	0.826796
8.901780	0.826882
8.931786	0.826968
8.961792	0.827055
8.991798	0.827140
9.021804	0.827226
9.051810	0.827312
9.081816	0.827398
9.111822	0.827483
9.141828	0.827568
9.171834	0.827654
9.201840	0.827739
9.231846	0.827824
9.261852	0.827909
9.291858	0.827994
9.321864	0.828079
9.351870	0.828164
9.381876	0.828249
9.411882	0.828334
9.441888	0.828419
9.471894	0.828504
9.501900	0.828589
9.531906	0.828674
9.561912	0.828759
9.591918	0.828844
9.621924	0.828929
9.651930	0.829014
9.681936	0.829100
9.711942	0.829185
9.741948	0.829270
9.771954	0.829355
9.801960	0.829441
9.831966	0.829526
9.861972	0.829612
9.891978	0.829698
9.921984	0.829783
9.951990	0.829869
9.981996	0.829955
10.012002	0.830041
10.042008	0.830127
10.072014	0.830214
10.102020	0.830300
10.132026	0.830386
10.162032	0.830473
10.192038	0.830559
10.222044	0.830646
10.252050	0.830733
10.282056	0.830820
10.312062	0.830907
10.342068	0.830994
10.372074	0.831081
10.402080	0.831168
10.432086	0.831255
10.462092	0.831343
10.492098	0.831430
10.522104	0.831517
10.552110	0.831605
10.582116	0.831692
10.612122	0.831780
10.642128	0.831867
10.672134	0.831954
10.702140	0.832042
10.732146	0.832129
10.762152	0.832217
10.792158	0.832304
10.822164	0.832391
10.852170	0.832479
10.882176	0.832566
10.912182	0.832653
10.942188	0.832740
10.972194	0.832827
11.002200	0.832914
11.032206	0.833001
11.062212	0.833088
11.092218	0.833174
11.122224	0.833261
11.152230	0.833347
11.182236	0.833434
11.212242	0.833520
11.242248	0.833606
11.272254	0.833692
11.302260	0.833778
11.332266	0.833863
11.362272	0.833949
11.392278	0.834034
11.422284	0.834119
11.452290	0.834204
11.482296	0.834289
11.512302	0.834374
11.542308	0.834459
11.572314	0.834543
11.602320	0.834628
11.632326	0.834712
11.662332	0.834796
11.692338	0.834880
11.722344	0.834964
11.752350	0.835048
11.782356	0.835131
11.812362	0.835215
11.842368	0.835298
11.872374	0.835382
11.902380	0.835465
11.932386	0.835548
11.962392	0.835631
11.992398	0.835714
12.022404	0.835797
12.052410	0.835880
12.082416	0.835963
12.112422	0.836046
12.142428	0.836129
12.172434	0.836212
12.202440	0.836295
12.232446	0.836378
12.262452	0.836461
12.292458	0.836543
12.322464	0.836626
12.352470	0.836709
12.382476	0.836792
12.412482	0.836875
12.442488	0.836958
12.472494	0.837041
12.502501	0.837125
12.532507	0.837208
12.562513	0.837291
12.592519	0.837375
12.622525	0.837458
12.652531	0.837542
12.682537	0.837625
12.712543	0.837709
12.742549	0.837793
12.772555	0.837877
12.802561	0.837961
12.832567	0.838045
12.862573	0.838129
12.892579	0.838213
12.922585	0.838298
12.952591	0.838382
12.982597	0.838467
13.012603	0.838551
13.042609	0.838636
13.072615	0.838721
13.102621	0.838806
13.132627	0.838891
13.162633	0.838976
13.192639	0.839061
13.222645	0.839146
13.252651	0.839231
13.282657	0.839316
13.312663	0.839401
13.342669	0.839486
13.372675	0.839572
13.402681	0.839657
13.432687	0.839742
13.462693	0.839827
13.492699	0.839913
13.522705	0.839998
13.552711	0.840083
13.582717	0.840168
13.612723	0.840253
13.642729	0.840338
13.672735	0.840423
13.702741	0.840508
13.732747	0.840593
13.762753	0.840677
13.792759	0.840762
13.822765	0.840847
13.852771	0.840931
13.882777	0.841015
13.912783	0.841099
13.942789	0.841184
13.972795	0.841268
14.002801	0.841351
14.032807	0.841435
14.062813	0.841519
14.092819	0.841602
14.122825	0.841685
14.152831	0.841769
14.182837	0.841852
14.212843	0.841935
14.242849	0.842017
14.272855	0.842100
14.302861	0.842182
14.332867	0.842265
14.362873	0.842347
14.392879	0.842429
14.422885	0.842511
14.452891	0.842593
14.482897	0.842675
14.512903	0.842756
14.542909	0.842838
14.572915	0.842919
14.602921	0.843001
14.632927	0.843082
14.662933	0.843163
14.692939	0.843244
14.722945	0.843325
14.752951	0.843406
14.782957	0.843487
14.812963	0.843568
14.842969	0.843649
14.872975	0.843730
14.902981	0.843810
14.932987	0.843891
14.962993	0.843972
14.992999	0.844053
15.023005	0.844134
15.053011	0.844214
15.083017	0.844295
15.113023	0.844376
15.143029	0.844457
15.173035	0.844538
15.203041	0.844619
15.233047	0.844700
15.263053	0.844781
15.293059	0.844862
15.323065	0.844943
15.353071	0.845025
15.383077	0.845106
15.413083	0.845187
15.443089	0.845269
15.473095	0.845351
15.503101	0.845432
15.533107	0.845514
15.563113	0.845596
15.593119	0.845678
15.623125	0.845760
15.653131	0.845842
15.683137	0.845925
15.713143	0.846007
15.743149	0.846089
15.773155	0.846172
15.803161	0.846254
15.833167	0.846337
15.863173	0.846420
15.893179	0.846503
15.923185	0.846585
15.953191	0.846668
15.983197	0.846751
16.013203	0.846834
16.043209	0.846917
16.073215	0.847000
16.103221	0.847083
16.133227	0.847166
16.163233	0.847249
16.193239	0.847332
16.223245	0.847415
16.253251	0.847499
16.283257	0.847582
16.313263	0.847665
16.343269	0.847747
16.373275	0.847830
16.403281	0.847913
16.433287	0.847996
16.463293	0.848079
16.493299	0.848161
16.523305	0.848244
16.553311	0.848326
16.583317	0.848409
16.613323	0.848491
16.643329	0.848573
16.673335	0.848655
16.703341	0.848737
16.733347	0.848819
16.763353	0.848900
16.793359	0.848982
16.823365	0.849063
16.853371	0.849145
16.883377	0.849226
16.913383	0.849307
16.943389	0.849388
16.973395	0.849469
17.003401	0.849549
17.033407	0.849630
17.063413	0.849710
17.093419	0.849790
17.123425	0.849870
17.153431	0.849950
17.183437	0.850030
17.213443	0.850110
17.243449	0.850190
17.273455	0.850269
17.303461	0.850349
17.333467	0.850428
17.363473	0.850507
17.393479	0.850586
17.423485	0.850665
17.453491	0.850744
17.483497	0.850823
17.513503	0.850902
17.543509	0.850981
17.573515	0.851060
17.603521	0.851139
17.633527	0.851217
17.663533	0.851296
17.693539	0.851375
17.723545	0.851453
17.753551	0.851532
17.783557	0.851611
17.813563	0.851690
17.843569	0.851768
17.873575	0.851847
17.903581	0.851926
17.933587	0.852005
17.963593	0.852084
17.993599	0.852163
18.023605	0.852242
18.053611	0.852321
18.083617	0.852400
18.113623	0.852479
18.143629	0.852559
18.173635	0.852638
18.203641	0.852717
18.233647	0.852797
18.263653	0.852877
18.293659	0.852956
18.323665	0.853036
18.353671	0.853116
18.383677	0.853196
18.413683	0.853276
18.443689	0.853356
18.473695	0.853437
18.503701	0.853517
18.533707	0.853597
18.563713	0.853678
18.593719	0.853758
18.623725	0.853839
18.653731	0.853920
18.683737	0.854000
18.713743	0.854081
18.743749	0.854162
18.773755	0.854243
18.803761	0.854324
18.833767	0.854405
18.863773	0.854486
18.893779	0.854567
18.923785	0.854648
18.953791	0.854729
18.983797	0.854809
19.013803	0.854890
19.043809	0.854971
19.073815	0.855052
19.103821	0.855133
19.133827	0.855214
19.163833	0.855294
19.193839	0.855375
19.223845	0.855456
19.253851	0.855536
19.283857	0.855616
19.313863	0.855697
19.343869	0.855777
19.373875	0.855857
19.403881	0.855937
19.433887	0.856017
19.463893	0.856097
19.493899	0.856177
19.523905	0.856256
19.553911	0.856336
19.583917	0.856415
19.613923	0.856494
19.643929	0.856573
19.673935	0.856652
19.703941	0.856731
19.733947	0.856809
19.763953	0.856888
19.793959	0.856966
19.823965	0.857045
19.853971	0.857123
19.883977	0.857201
19.913983	0.857279
19.943989	0.857356
19.973995	0.857434
20.004001	0.857512
20.034007	0.857589
20.064013	0.857666
20.094019	0.857744
20.124025	0.857821
20.154031	0.857898
20.184037	0.857975
20.214043	0.858052
20.244049	0.858129
20.274055	0.858206
20.304061	0.858282
20.334067	0.858359
20.364073	0.858436
20.394079	0.858513
20.424085	0.858589
20.454091	0.858666
20.484097	0.858743
20.514103	0.858819
20.544109	0.858896
20.574115	0.858973
20.604121	0.859049
20.634127	0.859126
20.664133	0.859203
20.694139	0.859280
20.724145	0.859357
20.754151	0.859434
20.784157	0.859511
20.814163	0.859588
20.844169	0.859665
20.874175	0.859742
20.904181	0.859819
20.934187	0.859897
20.964193	0.859974
20.994199	0.860052
21.024205	0.860129
21.054211	0.860207
21.084217	0.860285
21.114223	0.860363
21.144229	0.860440
21.174235	0.860519
21.204241	0.860597
21.234247	0.860675
21.264253	0.860753
21.294259	0.860832
21.324265	0.860910
21.354271	0.860988
21.384277	0.861067
21.414283	0.861146
21.444289	0.861224
21.474295	0.861303
21.504301	0.861382
21.534307	0.861461
21.564313	0.861539
21.594319	0.861618
21.624325	0.861697
21.654331	0.861776
21.684337	0.861855
21.714343	0.861934
21.744349	0.862013
21.774355	0.862092
21.804361	0.862170
21.834367	0.862249
21.864373	0.862328
21.894379	0.862407
21.924385	0.862485
21.954391	0.862564
21.984397	0.862642
22.014403	0.862721
22.044409	0.862799
22.074415	0.862877
22.104421	0.862955
22.134427	0.863033
22.164433	0.863111
22.194439	0.863189
22.224445	0.863267
22.254451	0.863345
22.284457	0.863422
22.314463	0.863499
22.344469	0.863577
22.374475	0.863654
22.404481	0.863731
22.434487	0.863808
22.464493	0.863884
22.494499	0.863961
22.524505	0.864037
22.554511	0.864114
22.584517	0.864190
22.614523	0.864266
22.644529	0.864342
22.674535	0.864418
22.704541	0.864494
22.734547	0.864569
22.764553	0.864645
22.794559	0.864720
22.824565	0.864795
22.854571	0.864871
22.884577	0.864946
22.914583	0.865021
22.944589	0.865096
22.974595	0.865171
23.004601	0.865245
23.034607	0.865320
23.064613	0.865395
23.094619	0.865470
23.124625	0.865544
23.154631	0.865619
23.184637	0.865694
23.214643	0.865768
23.244649	0.865843
23.274655	0.865918
23.304661	0.865992
23.334667	0.866067
23.364673	0.866142
23.394679	0.866216
23.424685	0.866291
23.454691	0.866366
23.484697	0.866441
23.514703	0.866516
23.544709	0.866591
23.574715	0.866666
23.604721	0.866741
23.634727	0.866816
23.664733	0.866892
23.694739	0.866967
23.724745	0.867042
23.754751	0.867118
23.784757	0.867194
23.814763	0.867269
23.844769	0.867345
23.874775	0.867421
23.904781	0.867497
23.934787	0.867573
23.964793	0.867649
23.994799	0.867725
24.024805	0.867802
24.054811	0.867878
24.084817	0.867954
24.114823	0.868031
24.144829	0.868107
24.174835	0.868184
24.204841	0.868261
24.234847	0.868337
24.264853	0.868414
24.294859	0.868491
24.324865	0.868568
24.354871	0.868645
24.384877	0.868722
24.414883	0.868798
24.444889	0.868875
24.474895	0.868952
24.504901	0.869029
24.534907	0.869106
24.564913	0.869183
24.594919	0.869259
24.624925	0.869336
24.654931	0.869413
24.684937	0.869489
24.714943	0.869566
24.744949	0.869642
24.774955	0.869719
24.804961	0.869795
24.834967	0.869871
24.864973	0.869948
24.894979	0.870024
24.924985	0.870099
24.954991	0.870175
24.984997	0.870251
25.015003	0.870327
25.045009	0.870402
25.075015	0.870477
25.105021	0.870553
25.135027	0.870628
25.165033	0.870703
25.195039	0.870777
25.225045	0.870852
25.255051	0.870927
25.285057	0.871001
25.315063	0.871075
25.345069	0.871150
25.375075	0.871224
25.405081	0.871298
25.435087	0.871371
25.465093	0.871445
25.495099	0.871519
25.525105	0.871592
25.555111	0.871666
25.585117	0.871739
25.615123	0.871812
25.645129	0.871885
25.675135	0.871958
25.705141	0.872031
25.735147	0.872104
25.765153	0.872177
25.795159	0.872250
25.825165	0.872323
25.855171	0.872395
25.885177	0.872468
25.915183	0.872541
25.945189	0.872613
25.975195	0.872686
26.005201	0.872759
26.035207	0.872831
26.065213	0.872904
26.095219	0.872977
26.125225	0.873049
26.155231	0.873122
26.185237	0.873195
26.215243	0.873268
26.245249	0.873341
26.275255	0.873414
26.305261	0.873487
26.335267	0.873560
26.365273	0.873633
26.395279	0.873706
26.425285	0.873780
26.455291	0.873853
26.485297	0.873927
26.515303	0.874000
26.545309	0.874074
26.575315	0.874148
26.605321	0.874221
26.635327	0.874295
26.665333	0.874369
26.695339	0.874443
26.725345	0.874518
26.755351	0.874592
26.785357	0.874666
26.815363	0.874741
26.845369	0.874815
26.875375	0.874890
26.905381	0.874964
26.935387	0.875039
26.965393	0.875114
26.995399	0.875188
27.025405	0.875263
27.055411	0.875338
27.085417	0.875413
27.115423	0.875488
27.145429	0.875563
27.175435	0.875638
27.205441	0.875713
27.235447	0.875788
27.265453	0.875862
27.295459	0.875937
27.325465	0.876012
27.355471	0.876087
27.385477	0.876162
27.415483	0.876236
27.445489	0.876311
27.475495	0.876386
27.505501	0.876460
27.535507	0.876535
27.565513	0.876609
27.595519	0.876683
27.625525	0.876757
27.655531	0.876831
27.685537	0.876905
27.715543	0.876979
27.745549	0.877053
27.775555	0.877126
27.805561	0.877200
27.835567	0.877273
27.865573	0.877347
27.895579	0.877420
27.925585	0.877493
27.955591	0.877565
27.985597	0.877638
28.015603	0.877711
28.045609	0.877783
28.075615	0.877856
28.105621	0.877928
28.135627	0.878000
28.165633	0.878072
28.195639	0.878144
28.225645	0.878215
28.255651	0.878287
28.285657	0.878359
28.315663	0.878430
28.345669	0.878501
28.375675	0.878572
28.405681	0.878644
28.435687	0.878715
28.465693	0.878786
28.495699	0.878857
28.525705	0.878928
28.555711	0.878998
28.585717	0.879069
28.615723	0.879140
28.645729	0.879211
28.675735	0.879281
28.705741	0.879352
28.735747	0.879423
28.765753	0.879493
28.795759	0.879564
28.825765	0.879635
28.855771	0.879706
28.885777	0.879776
28.915783	0.879847
28.945789	0.879918
28.975795	0.879989
29.005801	0.880060
29.035807	0.880131
29.065813	0.880202
29.095819	0.880273
29.125825	0.880345
29.155831	0.880416
29.185837	0.880487
29.215843	0.880559
29.245849	0.880630
29.275855	0.880702
29.305861	0.880774
29.335867	0.880846
29.365873	0.880918
29.395879	0.880990
29.425885	0.881062
29.455891	0.881134
29.485897	0.881206
29.515903	0.881279
29.545909	0.881351
29.575915	0.881423
29.605921	0.881496
29.635927	0.881569
29.665933	0.881641
29.695939	0.881714
29.725945	0.881787
29.755951	0.881860
29.785957	0.881933
29.815963	0.882006
29.845969	0.882079
29.875975	0.882152
29.905981	0.882225
29.935987	0.882298
29.965993	0.882371
29.995999	0.882444
30.026005	0.882517
30.056011	0.882590
30.086017	0.882663
30.116023	0.882736
30.146029	0.882808
30.176035	0.882881
30.206041	0.882954
30.236047	0.883027
30.266053	0.883099
30.296059	0.883172
30.326065	0.883244
30.356071	0.883316
30.386077	0.883389
30.416083	0.883461
30.446089	0.883533
30.476095	0.883605
30.506101	0.883677
30.536107	0.883748
30.566113	0.883820
30.596119	0.883891
30.626125	0.883962
30.656131	0.884034
30.686137	0.884105
30.716143	0.884176
30.746149	0.884246
30.776155	0.884317
30.806161	0.884388
30.836167	0.884458
30.866173	0.884528
30.896179	0.884598
30.926185	0.884668
30.956191	0.884738
30.986197	0.884808
31.016203	0.884878
31.046209	0.884947
31.076215	0.885017
31.106221	0.885086
31.136227	0.885155
31.166233	0.885225
31.196239	0.885294
31.226245	0.885363
31.256251	0.885432
31.286257	0.885501
31.316263	0.885570
31.346269	0.885638
31.376275	0.885707
31.406281	0.885776
31.436287	0.885845
31.466293	0.885914
31.496299	0.885982
31.526305	0.886051
31.556311	0.886120
31.586317	0.886189
31.616323	0.886258
31.646329	0.886327
31.676335	0.886395
31.706341	0.886464
31.736347	0.886533
31.766353	0.886603
31.796359	0.886672
31.826365	0.886741
31.856371	0.886810
31.886377	0.886879
31.916383	0.886949
31.946389	0.887018
31.976395	0.887088
32.006401	0.887158
32.036407	0.887228
32.066413	0.887297
32.096419	0.887367
32.126425	0.887437
32.156431	0.887508
32.186437	0.887578
32.216443	0.887648
32.246449	0.887719
32.276455	0.887789
32.306461	0.887860
32.336467	0.887930
32.366473	0.888001
32.396479	0.888072
32.426485	0.888143
32.456491	0.888214
32.486497	0.888285
32.516503	0.888356
32.546509	0.888427
32.576515	0.888498
32.606521	0.888569
32.636527	0.888640
32.666533	0.888711
32.696539	0.888782
32.726545	0.888854
32.756551	0.888925
32.786557	0.888996
32.816563	0.889067
32.846569	0.889138
32.876575	0.889209
32.906581	0.889280
32.936587	0.889351
32.966593	0.889422
32.996599	0.889493
33.026605	0.889563
33.056611	0.889634
33.086617	0.889705
33.116623	0.889775
33.146629	0.889845
33.176635	0.889916
33.206641	0.889986
33.236647	0.890056
33.266653	0.890126
33.296659	0.890196
33.326665	0.890265
33.356671	0.890335
33.386677	0.890404
33.416683	0.890473
33.446689	0.890543
33.476695	0.890612
33.506701	0.890680
33.536707	0.890749
33.566713	0.890818
33.596719	0.890886
33.626725	0.890955
33.656731	0.891023
33.686737	0.891091
33.716743	0.891159
33.746749	0.891227
33.776755	0.891295
33.806761	0.891362
33.836767	0.891430
33.866773	0.891497
33.896779	0.891565
33.926785	0.891632
33.956791	0.891699
33.986797	0.891766
34.016803	0.891833
34.046809	0.891900
34.076815	0.891967
34.106821	0.892034
34.136827	0.892101
34.166833	0.892168
34.196839	0.892235
34.226845	0.892302
34.256851	0.892369
34.286857	0.892436
34.316863	0.892503
34.346869	0.892570
34.376875	0.892637
34.406881	0.892704
34.436887	0.892771
34.466893	0.892838
34.496899	0.892905
34.526905	0.892972
34.556911	0.893039
34.586917	0.893107
34.616923	0.893174
34.646929	0.893242
34.676935	0.893309
34.706941	0.893377
34.736947	0.893445
34.766953	0.893512
34.796959	0.893580
34.826965	0.893648
34.856971	0.893717
34.886977	0.893785
34.916983	0.893853
34.946989	0.893922
34.976995	0.893990
35.007001	0.894059
35.037007	0.894127
35.067013	0.894196
35.097019	0.894265
35.127025	0.894334
35.157031	0.894403
35.187037	0.894472
35.217043	0.894541
35.247049	0.894610
35.277055	0.894679
35.307061	0.894749
35.337067	0.894818
35.367073	0.894887
35.397079	0.894957
35.427085	0.895026
35.457091	0.895095
35.487097	0.895165
35.517103	0.895234
35.547109	0.895303
35.577115	0.895373
35.607121	0.895442
35.637127	0.895511
35.667133	0.895580
35.697139	0.895650
35.727145	0.895719
35.757151	0.895788
35.787157	0.895857
35.817163	0.895925
35.847169	0.895994
35.877175	0.896063
35.907181	0.896131
35.937187	0.896200
35.967193	0.896268
35.997199	0.896336
36.027205	0.896404
36.057211	0.896472
36.087217	0.896540
36.117223	0.896608
36.147229	0.896675
36.177235	0.896743
36.207241	0.896810
36.237247	0.896877
36.267253	0.896944
36.297259	0.897011
36.327265	0.897078
36.357271	0.897144
36.387277	0.897211
36.417283	0.897277
36.447289	0.897344
36.477295	0.897410
36.507301	0.897476
36.537307	0.897542
36.567313	0.897607
36.597319	0.897673
36.627325	0.897739
36.657331	0.897804
36.687337	0.897869
36.717343	0.897935
36.747349	0.898000
36.777355	0.898065
36.807361	0.898130
36.837367	0.898196
36.867373	0.898261
36.897379	0.898326
36.927385	0.898391
36.957391	0.898456
36.987397	0.898521
37.017403	0.898586
37.047409	0.898651
37.077415	0.898716
37.107421	0.898781
37.137427	0.898846
37.167433	0.898911
37.197439	0.898976
37.227445	0.899042
37.257451	0.899107
37.287457	0.899172
37.317463	0.899238
37.347469	0.899303
37.377475	0.899369
37.407481	0.899434
37.437487	0.899500
37.467493	0.899566
37.497499	0.899632
37.527506	0.899698
37.557512	0.899764
37.587518	0.899830
37.617524	0.899897
37.647530	0.899963
37.677536	0.900030
37.707542	0.900096
37.737548	0.900163
37.767554	0.900230
37.797560	0.900297
37.827566	0.900364
37.857572	0.900431
37.887578	0.900498
37.917584	0.900565
37.947590	0.900633
37.977596	0.900700
38.007602	0.900768
38.037608	0.900835
38.067614	0.900903
38.097620	0.900970
38.127626	0.901038
38.157632	0.901105
38.187638	0.901173
38.217644	0.901241
38.247650	0.901308
38.277656	0.901376
38.307662	0.901443
38.337668	0.901511
38.367674	0.901578
38.397680	0.901646
38.427686	0.901713
38.457692	0.901781
38.487698	0.901848
38.517704	0.901915
38.547710	0.901982
38.577716	0.902049
38.607722	0.902116
38.637728	0.902183
38.667734	0.902250
38.697740	0.902317
38.727746	0.902383
38.757752	0.902450
38.787758	0.902516
38.817764	0.902582
38.847770	0.902648
38.877776	0.902714
38.907782	0.902780
38.937788	0.902845
38.967794	0.902911
38.997800	0.902976
39.027806	0.903041
39.057812	0.903106
39.087818	0.903171
39.117824	0.903236
39.147830	0.903301
39.177836	0.903365
39.207842	0.903430
39.237848	0.903494
39.267854	0.903558
39.297860	0.903622
39.327866	0.903686
39.357872	0.903750
39.387878	0.903813
39.417884	0.903877
39.447890	0.903941
39.477896	0.904004
39.507902	0.904068
39.537908	0.904131
39.567914	0.904194
39.597920	0.904257
39.627926	0.904321
39.657932	0.904384
39.687938	0.904447
39.717944	0.904510
39.747950	0.904573
39.777956	0.904637
39.807962	0.904700
39.837968	0.904763
39.867974	0.904826
39.897980	0.904889
39.927986	0.904953
39.957992	0.905016
39.987998	0.905080
40.018004	0.905143
40.048010	0.905207
40.078016	0.905270
40.108022	0.905334
40.138028	0.905398
40.168034	0.905462
40.198040	0.905526
40.228046	0.905590
40.258052	0.905654
40.288058	0.905718
40.318064	0.905783
40.348070	0.905847
40.378076	0.905912
40.408082	0.905976
40.438088	0.906041
40.468094	0.906106
40.498100	0.906171
40.528106	0.906236
40.558112	0.906301
40.588118	0.906367
40.618124	0.906432
40.648130	0.906498
40.678136	0.906563
40.708142	0.906629
40.738148	0.906694
40.768154	0.906760
40.798160	0.906826
40.828166	0.906892
40.858172	0.906958
40.888178	0.907023
40.918184	0.907089
40.948190	0.907155
40.978196	0.907221
41.008202	0.907287
41.038208	0.907353
41.068214	0.907419
41.098220	0.907485
41.128226	0.907551
41.158232	0.907616
41.188238	0.907682
41.218244	0.907748
41.248250	0.907813
41.278256	0.907879
41.308262	0.907944
41.338268	0.908010
41.368274	0.908075
41.398280	0.908140
41.428286	0.908205
41.458292	0.908270
41.488298	0.908335
41.518304	0.908399
41.548310	0.908464
41.578316	0.908528
41.608322	0.908593
41.638328	0.908657
41.668334	0.908721
41.698340	0.908785
41.728346	0.908848
41.758352	0.908912
41.788358	0.908975
41.818364	0.909038
41.848370	0.909102
41.878376	0.909164
41.908382	0.909227
41.938388	0.909290
41.968394	0.909353
41.998400	0.909415
42.028406	0.909477
42.058412	0.909540
42.088418	0.909602
42.118424	0.909664
42.148430	0.909725
42.178436	0.909787
42.208442	0.909849
42.238448	0.909911
42.268454	0.909972
42.298460	0.910034
42.328466	0.910095
42.358472	0.910157
42.388478	0.910218
42.418484	0.910279
42.448490	0.910341
42.478496	0.910402
42.508502	0.910463
42.538508	0.910525
42.568514	0.910586
42.598520	0.910647
42.628526	0.910709
42.658532	0.910770
42.688538	0.910832
42.718544	0.910893
42.748550	0.910955
42.778556	0.911017
42.808562	0.911079
42.838568	0.911140
42.868574	0.911202
42.898580	0.911264
42.928586	0.911327
42.958592	0.911389
42.988598	0.911451
43.018604	0.911514
43.048610	0.911576
43.078616	0.911639
43.108622	0.911702
43.138628	0.911764
43.168634	0.911827
43.198640	0.911891
43.228646	0.911954
43.258652	0.912017
43.288658	0.912080
43.318664	0.912144
43.348670	0.912208
43.378676	0.912271
43.408682	0.912335
43.438688	0.912399
43.468694	0.912463
43.498700	0.912527
43.528706	0.912591
43.558712	0.912655
43.588718	0.912719
43.618724	0.912784
43.648730	0.912848
43.678736	0.912912
43.708742	0.912976
43.738748	0.913041
43.768754	0.913105
43.798760	0.913169
43.828766	0.913233
43.858772	0.913298
43.888778	0.913362
43.918784	0.913426
43.948790	0.913490
43.978796	0.913554
44.008802	0.913618
44.038808	0.913682
44.068814	0.913746
44.098820	0.913809
44.128826	0.913873
44.158832	0.913936
44.188838	0.914000
44.218844	0.914063
44.248850	0.914126
44.278856	0.914189
44.308862	0.914252
44.338868	0.914314
44.368874	0.914377
44.398880	0.914439
44.428886	0.914502
44.458892	0.914564
44.488898	0.914626
44.518904	0.914687
44.548910	0.914749
44.578916	0.914810
44.608922	0.914872
44.638928	0.914933
44.668934	0.914994
44.698940	0.915055
44.728946	0.915116
44.758952	0.915176
44.788958	0.915237
44.818964	0.915297
44.848970	0.915358
44.878976	0.915418
44.908982	0.915478
44.938988	0.915538
44.968994	0.915598
44.999000	0.915657
45.029006	0.915717
45.059012	0.915777
45.089018	0.915837
45.119024	0.915896
45.149030	0.915956
45.179036	0.916015
45.209042	0.916075
45.239048	0.916134
45.269054	0.916194
45.299060	0.916253
45.329066	0.916313
45.359072	0.916373
45.389078	0.916432
45.419084	0.916492
45.449090	0.916552
45.479096	0.916611
45.509102	0.916671
45.539108	0.916731
45.569114	0.916791
45.599120	0.916851
45.629126	0.916912
45.659132	0.916972
45.689138	0.917032
45.719144	0.917093
45.749150	0.917153
45.779156	0.917214
45.809162	0.917275
45.839168	0.917336
45.869174	0.917397
45.899180	0.917458
45.929186	0.917520
45.959192	0.917581
45.989198	0.917643
46.019204	0.917704
46.049210	0.917766
46.079216	0.917828
46.109222	0.917890
46.139228	0.917952
46.169234	0.918014
46.199240	0.918077
46.229246	0.918139
46.259252	0.918201
46.289258	0.918264
46.319264	0.918326
46.349270	0.918389
46.379276	0.918451
46.409282	0.918514
46.439288	0.918577
46.469294	0.918640
46.499300	0.918702
46.529306	0.918765
46.559312	0.918828
46.589318	0.918890
46.619324	0.918953
46.649330	0.919015
46.679336	0.919078
46.709342	0.919140
46.739348	0.919203
46.769354	0.919265
46.799360	0.919327
46.829366	0.919390
46.859372	0.919452
46.889378	0.919514
46.919384	0.919575
46.949390	0.919637
46.979396	0.919699
47.009402	0.919760
47.039408	0.919821
47.069414	0.919882
47.099420	0.919943
47.129426	0.920004
47.159432	0.920065
47.189438	0.920125
47.219444	0.920186
47.249450	0.920246
47.279456	0.920306
47.309462	0.920366
47.339468	0.920426
47.369474	0.920485
47.399480	0.920545
47.429486	0.920604
47.459492	0.920663
47.489498	0.920722
47.519504	0.920781
47.549510	0.920840
47.579516	0.920898
47.609522	0.920957
47.639528	0.921015
47.669534	0.921074
47.699540	0.921132
47.729546	0.921190
47.759552	0.921248
47.789558	0.921306
47.819564	0.921364
47.849570	0.921421
47.879576	0.921479
47.909582	0.921537
47.939588	0.921595
47.969594	0.921652
47.999600	0.921710
48.029606	0.921768
48.059612	0.921826
48.089618	0.921883
48.119624	0.921941
48.149630	0.921999
48.179636	0.922057
48.209642	0.922115
48.239648	0.922173
48.269654	0.922231
48.299660	0.922289
48.329666	0.922348
48.359672	0.922406
48.389678	0.922465
48.419684	0.922523
48.449690	0.922582
48.479696	0.922641
48.509702	0.922700
48.539708	0.922759
48.569714	0.922818
48.599720	0.922877
48.629726	0.922937
48.659732	0.922996
48.689738	0.923056
48.719744	0.923116
48.749750	0.923176
48.779756	0.923236
48.809762	0.923296
48.839768	0.923356
48.869774	0.923417
48.899780	0.923477
48.929786	0.923538
48.959792	0.923599
48.989798	0.923659
49.019804	0.923720
49.049810	0.923781
49.079816	0.923842
49.109822	0.923903
49.139828	0.923964
49.169834	0.924025
49.199840	0.924086
49.229846	0.924148
49.259852	0.924209
49.289858	0.924270
49.319864	0.924331
49.349870	0.924392
49.379876	0.924453
49.409882	0.924514
49.439888	0.924575
49.469894	0.924636
49.499900	0.924697
49.529906	0.924758
49.559912	0.924818
49.589918	0.924879
49.619924	0.924939
49.649930	0.925000
49.679936	0.925060
49.709942	0.925120
49.739948	0.925180
49.769954	0.925240
49.799960	0.925299
49.829966	0.925359
49.859972	0.925418
49.889978	0.925477
49.919984	0.925537
49.949990	0.925595
49.979996	0.925654
50.010002	0.925713
50.040008	0.925771
50.070014	0.925829
50.100020	0.925887
50.130026	0.925945
50.160032	0.926003
50.190038	0.926060
50.220044	0.926118
50.250050	0.926175
50.280056	0.926232
50.310062	0.926289
50.340068	0.926346
50.370074	0.926402
50.400080	0.926459
50.430086	0.926516
50.460092	0.926572
50.490098	0.926628
50.520104	0.926684
50.550110	0.926741
50.580116	0.926797
50.610122	0.926853
50.640128	0.926909
50.670134	0.926965
50.700140	0.927021
50.730146	0.927077
50.760152	0.927132
50.790158	0.927188
50.820164	0.927244
50.850170	0.927300
50.880176	0.927356
50.910182	0.927413
50.940188	0.927469
50.970194	0.927525
51.000200	0.927581
51.030206	0.927638
51.060212	0.927694
51.090218	0.927751
51.120224	0.927807
51.150230	0.927864
51.180236	0.927921
51.210242	0.927978
51.240248	0.928035
51.270254	0.928093
51.300260	0.928150
51.330266	0.928208
51.360272	0.928265
51.390278	0.928323
51.420284	0.928381
51.450290	0.928439
51.480296	0.928497
51.510302	0.928556
51.540308	0.928614
51.570314	0.928673
51.600320	0.928732
51.630326	0.928791
51.660332	0.928850
51.690338	0.928909
51.720344	0.928968
51.750350	0.929027
51.780356	0.929086
51.810362	0.929146
51.840368	0.929205
51.870374	0.929265
51.900380	0.929324
51.930386	0.929384
51.960392	0.929444
51.990398	0.929503
52.020404	0.929563
52.050410	0.929623
52.080416	0.929682
52.110422	0.929742
52.140428	0.929802
52.170434	0.929861
52.200440	0.929921
52.230446	0.929980
52.260452	0.930039
52.290458	0.930099
52.320464	0.930158
52.350470	0.930217
52.380476	0.930276
52.410482	0.930334
52.440488	0.930393
52.470494	0.930452
52.500500	0.930510
52.530506	0.930568
52.560512	0.930626
52.590518	0.930684
52.620524	0.930742
52.650530	0.930799
52.680536	0.930857
52.710542	0.930914
52.740548	0.930971
52.770554	0.931028
52.800560	0.931085
52.830566	0.931141
52.860572	0.931197
52.890578	0.931254
52.920584	0.931309
52.950590	0.931365
52.980596	0.931421
53.010602	0.931476
53.040608	0.931532
53.070614	0.931587
53.100620	0.931642
53.130626	0.931697
53.160632	0.931752
53.190638	0.931806
53.220644	0.931861
53.250650	0.931916
53.280656	0.931970
53.310662	0.932024
53.340668	0.932079
53.370674	0.932133
53.400680	0.932187
53.430686	0.932241
53.460692	0.932295
53.490698	0.932350
53.520704	0.932404
53.550710	0.932458
53.580716	0.932512
53.610722	0.932566
53.640728	0.932621
53.670734	0.932675
53.700740	0.932729
53.730746	0.932784
53.760752	0.932838
53.790758	0.932893
53.820764	0.932948
53.850770	0.933003
53.880776	0.933058
53.910782	0.933113
53.940788	0.933168
53.970794	0.933224
54.000800	0.933279
54.030806	0.933335
54.060812	0.933391
54.090818	0.933446
54.120824	0.933503
54.150830	0.933559
54.180836	0.933615
54.210842	0.933672
54.240848	0.933728
54.270854	0.933785
54.300860	0.933842
54.330866	0.933899
54.360872	0.933957
54.390878	0.934014
54.420884	0.934072
54.450890	0.934129
54.480896	0.934187
54.510902	0.934245
54.540908	0.934303
54.570914	0.934361
54.600920	0.934419
54.630926	0.934477
54.660932	0.934535
54.690938	0.934593
54.720944	0.934651
54.750950	0.934709
54.780956	0.934768
54.810962	0.934826
54.840968	0.934884
54.870974	0.934942
54.900980	0.935000
54.930986	0.935059
54.960992	0.935117
54.990998	0.935175
55.021004	0.935232
55.051010	0.935290
55.081016	0.935348
55.111022	0.935405
55.141028	0.935463
55.171034	0.935520
55.201040	0.935577
55.231046	0.935634
55.261052	0.935691
55.291058	0.935748
55.321064	0.935804
55.351070	0.935861
55.381076	0.935917
55.411082	0.935973
55.441088	0.936028
55.471094	0.936084
55.501100	0.936139
55.531106	0.936195
55.561112	0.936250
55.591118	0.936304
55.621124	0.936359
55.651130	0.936413
55.681136	0.936468
55.711142	0.936522
55.741148	0.936576
55.771154	0.936629
55.801160	0.936683
55.831166	0.936737
55.861172	0.936790
55.891178	0.936843
55.921184	0.936896
55.951190	0.936949
55.981196	0.937002
56.011202	0.937054
56.041208	0.937107
56.071214	0.937160
56.101220	0.937212
56.131226	0.937265
56.161232	0.937317
56.191238	0.937369
56.221244	0.937422
56.251250	0.937474
56.281256	0.937527
56.311262	0.937579
56.341268	0.937631
56.371274	0.937684
56.401280	0.937736
56.431286	0.937789
56.461292	0.937842
56.491298	0.937894
56.521304	0.937947
56.551310	0.938000
56.581316	0.938053
56.611322	0.938106
56.641328	0.938160
56.671334	0.938213
56.701340	0.938267
56.731346	0.938321
56.761352	0.938374
56.791358	0.938428
56.821364	0.938483
56.851370	0.938537
56.881376	0.938592
56.911382	0.938646
56.941388	0.938701
56.971394	0.938756
57.001400	0.938811
57.031406	0.938867
57.061412	0.938922
57.091418	0.938978
57.121424	0.939034
57.151430	0.939090
57.181436	0.939146
57.211442	0.939202
57.241448	0.939258
57.271454	0.939315
57.301460	0.939371
57.331466	0.939428
57.361472	0.939484
57.391478	0.939541
57.421484	0.939598
57.451490	0.939655
57.481496	0.939711
57.511502	0.939768
57.541508	0.939825
57.571514	0.939882
57.601520	0.939939
57.631526	0.939996
57.661532	0.940052
57.691538	0.940109
57.721544	0.940166
57.751550	0.940222
57.781556	0.940279
57.811562	0.940335
57.841568	0.940391
57.871574	0.940447
57.901580	0.940503
57.931586	0.940559
57.961592	0.940615
57.991598	0.940670
58.021604	0.940726
58.051610	0.940781
58.081616	0.940836
58.111622	0.940891
58.141628	0.940945
58.171634	0.940999
58.201640	0.941054
58.231646	0.941108
58.261652	0.941161
58.291658	0.941215
58.321664	0.941268
58.351670	0.941321
58.381676	0.941374
58.411682	0.941427
58.441688	0.941480
58.471694	0.941532
58.501700	0.941584
58.531706	0.941636
58.561712	0.941688
58.591718	0.941740
58.621724	0.941791
58.651730	0.941843
58.681736	0.941894
58.711742	0.941945
58.741748	0.941996
58.771754	0.942047
58.801760	0.942098
58.831766	0.942149
58.861772	0.942199
58.891778	0.942250
58.921784	0.942301
58.951790	0.942351
58.981796	0.942402
59.011802	0.942452
59.041808	0.942503
59.071814	0.942554
59.101820	0.942604
59.131826	0.942655
59.161832	0.942706
59.191838	0.942756
59.221844	0.942807
59.251850	0.942858
59.281856	0.942910
59.311862	0.942961
59.341868	0.943012
59.371874	0.943064
59.401880	0.943115
59.431886	0.943167
59.461892	0.943219
59.491898	0.943271
59.521904	0.943324
59.551910	0.943376
59.581916	0.943429
59.611922	0.943481
59.641928	0.943534
59.671934	0.943588
59.701940	0.943641
59.731946	0.943695
59.761952	0.943748
59.791958	0.943802
59.821964	0.943856
59.851970	0.943910
59.881976	0.943965
59.911982	0.944019
59.941988	0.944074
59.971994	0.944129
60.002000	0.944184
60.032006	0.944239
60.062012	0.944294
60.092018	0.944349
60.122024	0.944404
60.152030	0.944460
60.182036	0.944515
60.212042	0.944571
60.242048	0.944626
60.272054	0.944682
60.302060	0.944737
60.332066	0.944793
60.362072	0.944848
60.392078	0.944904
60.422084	0.944959
60.452090	0.945015
60.482096	0.945070
60.512102	0.945125
60.542108	0.945180
60.572114	0.945235
60.602120	0.945290
60.632126	0.945345
60.662132	0.945399
60.692138	0.945454
60.722144	0.945508
60.752150	0.945562
60.782156	0.945616
60.812162	0.945670
60.842168	0.945723
60.872174	0.945776
60.902180	0.945829
60.932186	0.945882
60.962192	0.945935
60.992198	0.945987
61.022204	0.946039
61.052210	0.946091
61.082216	0.946143
61.112222	0.946194
61.142228	0.946246
61.172234	0.946297
61.202240	0.946348
61.232246	0.946398
61.262252	0.946449
61.292258	0.946499
61.322264	0.946549
61.352270	0.946599
61.382276	0.946649
61.412282	0.946698
61.442288	0.946748
61.472294	0.946797
61.502300	0.946846
61.532306	0.946896
61.562312	0.946945
61.592318	0.946993
61.622324	0.947042
61.652330	0.947091
61.682336	0.947140
61.712342	0.947189
61.742348	0.947237
61.772354	0.947286
61.802360	0.947335
61.832366	0.947384
61.862372	0.947433
61.892378	0.947481
61.922384	0.947530
61.952390	0.947580
61.982396	0.947629
62.012402	0.947678
62.042408	0.947727
62.072414	0.947777
62.102420	0.947827
62.132426	0.947876
62.162432	0.947926
62.192438	0.947977
62.222444	0.948027
62.252450	0.948077
62.282456	0.948128
62.312462	0.948179
62.342468	0.948230
62.372474	0.948282
62.402480	0.948333
62.432486	0.948385
62.462492	0.948437
62.492498	0.948489
62.522505	0.948541
62.552511	0.948593
62.582517	0.948646
62.612523	0.948699
62.642529	0.948752
62.672535	0.948805
62.702541	0.948858
62.732547	0.948912
62.762553	0.948966
62.792559	0.949019
62.822565	0.949073
62.852571	0.949127
62.882577	0.949181
62.912583	0.949235
62.942589	0.949289
62.972595	0.949344
63.002601	0.949398
63.032607	0.949452
63.062613	0.949507
63.092619	0.949561
63.122625	0.949615
63.152631	0.949669
63.182637	0.949723
63.212643	0.949777
63.242649	0.949831
63.272655	0.949885
63.302661	0.949939
63.332667	0.949993
63.362673	0.950046
63.392679	0.950100
63.422685	0.950153
63.452691	0.950206
63.482697	0.950259
63.512703	0.950311
63.542709	0.950364
63.572715	0.950416
63.602721	0.950468
63.632727	0.950520
63.662733	0.950571
63.692739	0.950623
63.722745	0.950674
63.752751	0.950724
63.782757	0.950775
63.812763	0.950825
63.842769	0.950875
63.872775	0.950925
63.902781	0.950975
63.932787	0.951024
63.962793	0.951073
63.992799	0.951122
64.022805	0.951171
64.052811	0.951220
64.082817	0.951268
64.112823	0.951316
64.142829	0.951364
64.172835	0.951412
64.202841	0.951459
64.232847	0.951507
64.262853	0.951554
64.292859	0.951602
64.322865	0.951649
64.352871	0.951696
64.382877	0.951743
64.412883	0.951790
64.442889	0.951837
64.472895	0.951884
64.502901	0.951930
64.532907	0.951977
64.562913	0.952024
64.592919	0.952071
64.622925	0.952118
64.652931	0.952165
64.682937	0.952213
64.712943	0.952260
64.742949	0.952307
64.772955	0.952355
64.802961	0.952402
64.832967	0.952450
64.862973	0.952498
64.892979	0.952546
64.922985	0.952595
64.952991	0.952643
64.982997	0.952692
65.013003	0.952741
65.043009	0.952790
65.073015	0.952839
65.103021	0.952889
65.133027	0.952939
65.163033	0.952989
65.193039	0.953039
65.223045	0.953090
65.253051	0.953140
65.283057	0.953191
65.313063	0.953242
65.343069	0.953294
65.373075	0.953345
65.403081	0.953397
65.433087	0.953449
65.463093	0.953501
65.493099	0.953553
65.523105	0.953605
65.553111	0.953658
65.583117	0.953710
65.613123	0.953763
65.643129	0.953816
65.673135	0.953869
65.703141	0.953922
65.733147	0.953975
65.763153	0.954028
65.793159	0.954081
65.823165	0.954134
65.853171	0.954187
65.883177	0.954240
65.913183	0.954293
65.943189	0.954346
65.973195	0.954399
66.003201	0.954452
66.033207	0.954504
66.063213	0.954557
66.093219	0.954609
66.123225	0.954662
66.153231	0.954714
66.183237	0.954765
66.213243	0.954817
66.243249	0.954869
66.273255	0.954920
66.303261	0.954971
66.333267	0.955022
66.363273	0.955072
66.393279	0.955123
66.423285	0.955173
66.453291	0.955222
66.483297	0.955272
66.513303	0.955321
66.543309	0.955370
66.573315	0.955419
66.603321	0.955467
66.633327	0.955516
66.663333	0.955563
66.693339	0.955611
66.723345	0.955659
66.753351	0.955706
66.783357	0.955753
66.813363	0.955799
66.843369	0.955846
66.873375	0.955892
66.903381	0.955938
66.933387	0.955984
66.963393	0.956030
66.993399	0.956076
67.023405	0.956121
67.053411	0.956167
67.083417	0.956212
67.113423	0.956257
67.143429	0.956302
67.173435	0.956347
67.203441	0.956392
67.233447	0.956437
67.263453	0.956482
67.293459	0.956527
67.323465	0.956572
67.353471	0.956617
67.383477	0.956663
67.413483	0.956708
67.443489	0.956753
67.473495	0.956799
67.503501	0.956844
67.533507	0.956890
67.563513	0.956936
67.593519	0.956982
67.623525	0.957028
67.653531	0.957075
67.683537	0.957122
67.713543	0.957168
67.743549	0.957216
67.773555	0.957263
67.803561	0.957310
67.833567	0.957358
67.863573	0.957406
67.893579	0.957455
67.923585	0.957503
67.953591	0.957552
67.983597	0.957601
68.013603	0.957650
68.043609	0.957700
68.073615	0.957750
68.103621	0.957800
68.133627	0.957850
68.163633	0.957900
68.193639	0.957951
68.223645	0.958002
68.253651	0.958053
68.283657	0.958104
68.313663	0.958155
68.343669	0.958207
68.373675	0.958258
68.403681	0.958310
68.433687	0.958362
68.463693	0.958414
68.493699	0.958466
68.523705	0.958518
68.553711	0.958570
68.583717	0.958622
68.613723	0.958673
68.643729	0.958725
68.673735	0.958777
68.703741	0.958829
68.733747	0.958881
68.763753	0.958932
68.793759	0.958984
68.823765	0.959035
68.853771	0.959086
68.883777	0.959137
68.913783	0.959188
68.943789	0.959239
68.973795	0.959289
69.003801	0.959339
69.033807	0.959389
69.063813	0.959439
69.093819	0.959488
69.123825	0.959537
69.153831	0.959586
69.183837	0.959635
69.213843	0.959683
69.243849	0.959731
69.273855	0.959779
69.303861	0.959826
69.333867	0.959873
69.363873	0.959920
69.393879	0.959967
69.423885	0.960013
69.453891	0.960059
69.483897	0.960105
69.513903	0.960150
69.543909	0.960195
69.573915	0.960240
69.603921	0.960285
69.633927	0.960329
69.663933	0.960373
69.693939	0.960417
69.723945	0.960461
69.753951	0.960505
69.783957	0.960549
69.813963	0.960592
69.843969	0.960635
69.873975	0.960679
69.903981	0.960722
69.933987	0.960765
69.963993	0.960808
69.993999	0.960851
70.024005	0.960894
70.054011	0.960937
70.084017	0.960980
70.114023	0.961024
70.144029	0.961067
70.174035	0.961110
70.204041	0.961154
70.234047	0.961197
70.264053	0.961241
70.294059	0.961285
70.324065	0.961329
70.354071	0.961373
70.384077	0.961418
70.414083	0.961463
70.444089	0.961508
70.474095	0.961553
70.504101	0.961599
70.534107	0.961644
70.564113	0.961690
70.594119	0.961737
70.624125	0.961783
70.654131	0.961830
70.684137	0.961877
70.714143	0.961925
70.744149	0.961972
70.774155	0.962020
70.804161	0.962068
70.834167	0.962117
70.864173	0.962166
70.894179	0.962215
70.924185	0.962264
70.954191	0.962313
70.984197	0.962363
71.014203	0.962413
71.044209	0.962463
71.074215	0.962513
71.104221	0.962564
71.134227	0.962614
71.164233	0.962665
71.194239	0.962715
71.224245	0.962766
71.254251	0.962817
71.284257	0.962868
71.314263	0.962919
71.344269	0.962970
71.374275	0.963021
71.404281	0.963072
71.434287	0.963123
71.464293	0.963173
71.494299	0.963224
71.524305	0.963274
71.554311	0.963325
71.584317	0.963375
71.614323	0.963425
71.644329	0.963475
71.674335	0.963524
71.704341	0.963574
71.734347	0.963623
71.764353	0.963672
71.794359	0.963720
71.824365	0.963769
71.854371	0.963817
71.884377	0.963865
71.914383	0.963912
71.944389	0.963959
71.974395	0.964006
72.004401	0.964052
72.034407	0.964099
72.064413	0.964144
72.094419	0.964190
72.124425	0.964235
72.154431	0.964280
72.184437	0.964324
72.214443	0.964368
72.244449	0.964412
72.274455	0.964456
72.304461	0.964499
72.334467	0.964542
72.364473	0.964585
72.394479	0.964628
72.424485	0.964670
72.454491	0.964712
72.484497	0.964754
72.514503	0.964796
72.544509	0.964837
72.574515	0.964879
72.604521	0.964920
72.634527	0.964961
72.664533	0.965002
72.694539	0.965044
72.724545	0.965085
72.754551	0.965126
72.784557	0.965167
72.814563	0.965208
72.844569	0.965249
72.874575	0.965290
72.904581	0.965331
72.934587	0.965373
72.964593	0.965414
72.994599	0.965456
73.024605	0.965498
73.054611	0.965540
73.084617	0.965582
73.114623	0.965625
73.144629	0.965668
73.174635	0.965711
73.204641	0.965754
73.234647	0.965798
73.264653	0.965842
73.294659	0.965886
73.324665	0.965930
73.354671	0.965975
73.384677	0.966020
73.414683	0.966066
73.444689	0.966111
73.474695	0.966157
73.504701	0.966204
73.534707	0.966250
73.564713	0.966297
73.594719	0.966345
73.624725	0.966392
73.654731	0.966440
73.684737	0.966488
73.714743	0.966536
73.744749	0.966585
73.774755	0.966634
73.804761	0.966683
73.834767	0.966732
73.864773	0.966781
73.894779	0.966831
73.924785	0.966881
73.954791	0.966930
73.984797	0.966980
74.014803	0.967030
74.044809	0.967080
74.074815	0.967130
74.104821	0.967180
74.134827	0.967230
74.164833	0.967280
74.194839	0.967330
74.224845	0.967380
74.254851	0.967429
74.284857	0.967479
74.314863	0.967528
74.344869	0.967577
74.374875	0.967626
74.404881	0.967675
74.434887	0.967723
74.464893	0.967772
74.494899	0.967820
74.524905	0.967867
74.554911	0.967915
74.584917	0.967962
74.614923	0.968008
74.644929	0.968055
74.674935	0.968101
74.704941	0.968146
74.734947	0.968192
74.764953	0.968237
74.794959	0.968281
74.824965	0.968325
74.854971	0.968369
74.884977	0.968413
74.914983	0.968456
74.944989	0.968498
74.974995	0.968541
75.005001	0.968583
75.035007	0.968625
75.065013	0.968666
75.095019	0.968707
75.125025	0.968748
75.155031	0.968789
75.185037	0.968829
75.215043	0.968869
75.245049	0.968909
75.275055	0.968948
75.305061	0.968988
75.335067	0.969027
75.365073	0.969066
75.395079	0.969106
75.425085	0.969145
75.455091	0.969184
75.485097	0.969223
75.515103	0.969261
75.545109	0.969300
75.575115	0.969339
75.605121	0.969378
75.635127	0.969418
75.665133	0.969457
75.695139	0.969496
75.725145	0.969536
75.755151	0.969576
75.785157	0.969616
75.815163	0.969656
75.845169	0.969696
75.875175	0.969737
75.905181	0.969778
75.935187	0.969819
75.965193	0.969861
75.995199	0.969903
76.025205	0.969945
76.055211	0.969988
76.085217	0.970030
76.115223	0.970074
76.145229	0.970117
76.175235	0.970161
76.205241	0.970206
76.235247	0.970250
76.265253	0.970295
76.295259	0.970341
76.325265	0.970387
76.355271	0.970433
76.385277	0.970479
76.415283	0.970526
76.445289	0.970573
76.475295	0.970620
76.505301	0.970668
76.535307	0.970716
76.565313	0.970764
76.595319	0.970812
76.625325	0.970860
76.655331	0.970909
76.685337	0.970958
76.715343	0.971007
76.745349	0.971056
76.775355	0.971105
76.805361	0.971154
76.835367	0.971203
76.865373	0.971252
76.895379	0.971301
76.925385	0.971351
76.955391	0.971400
76.985397	0.971448
77.015403	0.971497
77.045409	0.971546
77.075415	0.971594
77.105421	0.971642
77.135427	0.971690
77.165433	0.971738
77.195439	0.971785
77.225445	0.971833
77.255451	0.971879
77.285457	0.971926
77.315463	0.971972
77.345469	0.972018
77.375475	0.972063
77.405481	0.972108
77.435487	0.972153
77.465493	0.972197
77.495499	0.972241
77.525505	0.972284
77.555511	0.972327
77.585517	0.972370
77.615523	0.972412
77.645529	0.972454
77.675535	0.972495
77.705541	0.972536
77.735547	0.972576
77.765553	0.972617
77.795559	0.972656
77.825565	0.972696
77.855571	0.972735
77.885577	0.972774
77.915583	0.972812
77.945589	0.972850
77.975595	0.972888
78.005601	0.972926
78.035607	0.972963
78.065613	0.973001
78.095619	0.973038
78.125625	0.973075
78.155631	0.973112
78.185637	0.973149
78.215643	0.973185
78.245649	0.973222
78.275655	0.973259
78.305661	0.973295
78.335667	0.973332
78.365673	0.973369
78.395679	0.973406
78.425685	0.973443
78.455691	0.973481
78.485697	0.973518
78.515703	0.973556
78.545709	0.973594
78.575715	0.973632
78.605721	0.973671
78.635727	0.973709
78.665733	0.973748
78.695739	0.973788
78.725745	0.973828
78.755751	0.973868
78.785757	0.973908
78.815763	0.973949
78.845769	0.973991
78.875775	0.974033
78.905781	0.974075
78.935787	0.974117
78.965793	0.974160
78.995799	0.974204
79.025805	0.974248
79.055811	0.974292
79.085817	0.974336
79.115823	0.974381
79.145829	0.974427
79.175835	0.974472
79.205841	0.974518
79.235847	0.974565
79.265853	0.974611
79.295859	0.974658
79.325865	0.974706
79.355871	0.974753
79.385877	0.974801
79.415883	0.974849
79.445889	0.974897
79.475895	0.974945
79.505901	0.974993
79.535907	0.975042
79.565913	0.975090
79.595919	0.975138
79.625925	0.975187
79.655931	0.975235
79.685937	0.975284
79.715943	0.975332
79.745949	0.975380
79.775955	0.975428
79.805961	0.975476
79.835967	0.975523
79.865973	0.975571
79.895979	0.975618
79.925985	0.975664
79.955991	0.975711
79.985997	0.975757
80.016003	0.975803
80.046009	0.975848
80.076015	0.975893
80.106021	0.975938
80.136027	0.975982
80.166033	0.976025
80.196039	0.976069
80.226045	0.976111
80.256051	0.976154
80.286057	0.976196
80.316063	0.976237
80.346069	0.976278
80.376075	0.976318
80.406081	0.976358
80.436087	0.976398
80.466093	0.976437
80.496099	0.976475
80.526105	0.976513
80.556111	0.976551
80.586117	0.976589
80.616123	0.976625
80.646129	0.976662
80.676135	0.976698
80.706141	0.976734
80.736147	0.976770
80.766153	0.976805
80.796159	0.976841
80.826165	0.976876
80.856171	0.976910
80.886177	0.976945
80.916183	0.976979
80.946189	0.977014
80.976195	0.977048
81.006201	0.977083
81.036207	0.977117
81.066213	0.977151
81.096219	0.977186
81.126225	0.977220
81.156231	0.977255
81.186237	0.977290
81.216243	0.977325
81.246249	0.977360
81.276255	0.977396
81.306261	0.977432
81.336267	0.977468
81.366273	0.977504
81.396279	0.977541
81.426285	0.977578
81.456291	0.977616
81.486297	0.977654
81.516303	0.977693
81.546309	0.977731
81.576315	0.977771
81.606321	0.977811
81.636327	0.977851
81.666333	0.977891
81.696339	0.977933
81.726345	0.977974
81.756351	0.978016
81.786357	0.978059
81.816363	0.978102
81.846369	0.978146
81.876375	0.978190
81.906381	0.978234
81.936387	0.978279
81.966393	0.978324
81.996399	0.978369
82.026405	0.978415
82.056411	0.978462
82.086417	0.978508
82.116423	0.978555
82.146429	0.978602
82.176435	0.978649
82.206441	0.978697
82.236447	0.978744
82.266453	0.978792
82.296459	0.978840
82.326465	0.978888
82.356471	0.978936
82.386477	0.978983
82.416483	0.979031
82.446489	0.979079
82.476495	0.979127
82.506501	0.979174
82.536507	0.979221
82.566513	0.979269
82.596519	0.979315
82.626525	0.979362
82.656531	0.979408
82.686537	0.979454
82.716543	0.979500
82.746549	0.979545
82.776555	0.979590
82.806561	0.979634
82.836567	0.979678
82.866573	0.979721
82.896579	0.979764
82.926585	0.979806
82.956591	0.979848
82.986597	0.979889
83.016603	0.979930
83.046609	0.979970
83.076615	0.980010
83.106621	0.980049
83.136627	0.980088
83.166633	0.980126
83.196639	0.980164
83.226645	0.980201
83.256651	0.980237
83.286657	0.980273
83.316663	0.980309
83.346669	0.980344
83.376675	0.980379
83.406681	0.980413
83.436687	0.980447
83.466693	0.980481
83.496699	0.980514
83.526705	0.980547
83.556711	0.980579
83.586717	0.980612
83.616723	0.980644
83.646729	0.980676
83.676735	0.980708
83.706741	0.980740
83.736747	0.980772
83.766753	0.980804
83.796759	0.980835
83.826765	0.980867
83.856771	0.980899
83.886777	0.980931
83.916783	0.980964
83.946789	0.980996
83.976795	0.981029
84.006801	0.981062
84.036807	0.981095
84.066813	0.981129
84.096819	0.981163
84.126825	0.981197
84.156831	0.981232
84.186837	0.981267
84.216843	0.981303
84.246849	0.981339
84.276855	0.981375
84.306861	0.981413
84.336867	0.981450
84.366873	0.981488
84.396879	0.981527
84.426885	0.981567
84.456891	0.981606
84.486897	0.981647
84.516903	0.981688
84.546909	0.981729
84.576915	0.981771
84.606921	0.981814
84.636927	0.981857
84.666933	0.981900
84.696939	0.981944
84.726945	0.981989
84.756951	0.982033
84.786957	0.982079
84.816963	0.982124
84.846969	0.982170
84.876975	0.982217
84.906981	0.982263
84.936987	0.982310
84.966993	0.982357
84.996999	0.982404
85.027005	0.982451
85.057011	0.982499
85.087017	0.982546
85.117023	0.982594
85.147029	0.982641
85.177035	0.982689
85.207041	0.982736
85.237047	0.982783
85.267053	0.982830
85.297059	0.982877
85.327065	0.982924
85.357071	0.982970
85.387077	0.983016
85.417083	0.983061
85.447089	0.983107
85.477095	0.983151
85.507101	0.983196
85.537107	0.983240
85.567113	0.983283
85.597119	0.983326
85.627125	0.983368
85.657131	0.983409
85.687137	0.983451
85.717143	0.983491
85.747149	0.983531
85.777155	0.983570
85.807161	0.983609
85.837167	0.983647
85.867173	0.983684
85.897179	0.983721
85.927185	0.983757
85.957191	0.983793
85.987197	0.983828
86.017203	0.983862
86.047209	0.983896
86.077215	0.983929
86.107221	0.983962
86.137227	0.983994
86.167233	0.984026
86.197239	0.984057
86.227245	0.984088
86.257251	0.984119
86.287257	0.984149
86.317263	0.984179
86.347269	0.984209
86.377275	0.984238
86.407281	0.984268
86.437287	0.984297
86.467293	0.984326
86.497299	0.984355
86.527305	0.984384
86.557311	0.984413
86.587317	0.984442
86.617323	0.984471
86.647329	0.984501
86.677335	0.984531
86.707341	0.984560
86.737347	0.984591
86.767353	0.984621
86.797359	0.984652
86.827365	0.984683
86.857371	0.984715
86.887377	0.984747
86.917383	0.984779
86.947389	0.984812
86.977395	0.984846
87.007401	0.984880
87.037407	0.984915
87.067413	0.984950
87.097419	0.984986
87.127425	0.985023
87.157431	0.985060
87.187437	0.985098
87.217443	0.985137
87.247449	0.985176
87.277455	0.985216
87.307461	0.985256
87.337467	0.985297
87.367473	0.985339
87.397479	0.985381
87.427485	0.985424
87.457491	0.985467
87.487497	0.985511
87.517504	0.985555
87.547510	0.985600
87.577516	0.985645
87.607522	0.985691
87.637528	0.985737
87.667534	0.985783
87.697540	0.985830
87.727546	0.985876
87.757552	0.985923
87.787558	0.985971
87.817564	0.986018
87.847570	0.986065
87.877576	0.986112
87.907582	0.986160
87.937588	0.986207
87.967594	0.986254
87.997600	0.986301
88.027606	0.986348
88.057612	0.986394
88.087618	0.986441
88.117624	0.986486
88.147630	0.986532
88.177636	0.986577
88.207642	0.986621
88.237648	0.986666
88.267654	0.986709
88.297660	0.986752
88.327666	0.986795
88.357672	0.986836
88.387678	0.986877
88.417684	0.986918
88.447690	0.986958
88.477696	0.986997
88.507702	0.987035
88.537708	0.987073
88.567714	0.987110
88.597720	0.987146
88.627726	0.987182
88.657732	0.987216
88.687738	0.987250
88.717744	0.987284
88.747750	0.987317
88.777756	0.987349
88.807762	0.987380
88.837768	0.987411
88.867774	0.987441
88.897780	0.987471
88.927786	0.987500
88.957792	0.987528
88.987798	0.987557
89.017804	0.987584
89.047810	0.987612
89.077816	0.987639
89.107822	0.987665
89.137828	0.987692
89.167834	0.987718
89.197840	0.987744
89.227846	0.987770
89.257852	0.987796
89.287858	0.987822
89.317864	0.987848
89.347870	0.987874
89.377876	0.987901
89.407882	0.987927
89.437888	0.987954
89.467894	0.987981
89.497900	0.988008
89.527906	0.988036
89.557912	0.988064
89.587918	0.988093
89.617924	0.988122
89.647930	0.988152
89.677936	0.988182
89.707942	0.988213
89.737948	0.988244
89.767954	0.988277
89.797960	0.988309
89.827966	0.988343
89.857972	0.988377
89.887978	0.988412
89.917984	0.988448
89.947990	0.988484
89.977996	0.988522
90.008002	0.988560
90.038008	0.988598
90.068014	0.988638
90.098020	0.988678
90.128026	0.988719
90.158032	0.988760
90.188038	0.988803
90.218044	0.988845
90.248050	0.988889
90.278056	0.988933
90.308062	0.988977
90.338068	0.989022
90.368074	0.989068
90.398080	0.989114
90.428086	0.989160
90.458092	0.989207
90.488098	0.989253
90.518104	0.989301
90.548110	0.989348
90.578116	0.989395
90.608122	0.989443
90.638128	0.989490
90.668134	0.989538
90.698140	0.989585
90.728146	0.989632
90.758152	0.989679
90.788158	0.989726
90.818164	0.989772
90.848170	0.989818
90.878176	0.989864
90.908182	0.989909
90.938188	0.989954
90.968194	0.989998
90.998200	0.990042
91.028206	0.990084
91.058212	0.990127
91.088218	0.990168
91.118224	0.990209
91.148230	0.990249
91.178236	0.990289
91.208242	0.990327
91.238248	0.990365
91.268254	0.990402
91.298260	0.990438
91.328266	0.990473
91.358272	0.990507
91.388278	0.990541
91.418284	0.990574
91.448290	0.990606
91.478296	0.990637
91.508302	0.990667
91.538308	0.990697
91.568314	0.990725
91.598320	0.990753
91.628326	0.990781
91.658332	0.990807
91.688338	0.990834
91.718344	0.990859
91.748350	0.990884
91.778356	0.990909
91.808362	0.990933
91.838368	0.990956
91.868374	0.990980
91.898380	0.991003
91.928386	0.991026
91.958392	0.991049
91.988398	0.991071
92.018404	0.991094
92.048410	0.991116
92.078416	0.991139
92.108422	0.991162
92.138428	0.991185
92.168434	0.991208
92.198440	0.991232
92.228446	0.991256
92.258452	0.991280
92.288458	0.991305
92.318464	0.991330
92.348470	0.991356
92.378476	0.991382
92.408482	0.991409
92.438488	0.991437
92.468494	0.991466
92.498500	0.991495
92.528506	0.991525
92.558512	0.991556
92.588518	0.991588
92.618524	0.991620
92.648530	0.991653
92.678536	0.991688
92.708542	0.991723
92.738548	0.991759
92.768554	0.991796
92.798560	0.991833
92.828566	0.991872
92.858572	0.991912
92.888578	0.991952
92.918584	0.991993
92.948590	0.992035
92.978596	0.992077
93.008602	0.992120
93.038608	0.992164
93.068614	0.992209
93.098620	0.992254
93.128626	0.992300
93.158632	0.992346
93.188638	0.992392
93.218644	0.992439
93.248650	0.992487
93.278656	0.992534
93.308662	0.992582
93.338668	0.992630
93.368674	0.992678
93.398680	0.992726
93.428686	0.992773
93.458692	0.992821
93.488698	0.992869
93.518704	0.992916
93.548710	0.992963
93.578716	0.993010
93.608722	0.993056
93.638728	0.993102
93.668734	0.993147
93.698740	0.993191
93.728746	0.993235
93.758752	0.993279
93.788758	0.993321
93.818764	0.993363
93.848770	0.993404
93.878776	0.993444
93.908782	0.993483
93.938788	0.993521
93.968794	0.993559
93.998800	0.993595
94.028806	0.993630
94.058812	0.993665
94.088818	0.993698
94.118824	0.993730
94.148830	0.993762
94.178836	0.993792
94.208842	0.993822
94.238848	0.993850
94.268854	0.993878
94.298860	0.993905
94.328866	0.993931
94.358872	0.993956
94.388878	0.993980
94.418884	0.994004
94.448890	0.994026
94.478896	0.994048
94.508902	0.994070
94.538908	0.994091
94.568914	0.994111
94.598920	0.994131
94.628926	0.994151
94.658932	0.994170
94.688938	0.994190
94.718944	0.994208
94.748950	0.994227
94.778956	0.994246
94.808962	0.994265
94.838968	0.994284
94.868974	0.994303
94.898980	0.994322
94.928986	0.994342
94.958992	0.994362
94.988998	0.994382
95.019004	0.994403
95.049010	0.994425
95.079016	0.994447
95.109022	0.994470
95.139028	0.994493
95.169034	0.994517
95.199040	0.994543
95.229046	0.994568
95.259052	0.994595
95.289058	0.994623
95.319064	0.994652
95.349070	0.994682
95.379076	0.994712
95.409082	0.994744
95.439088	0.994777
95.469094	0.994811
95.499100	0.994846
95.529106	0.994881
95.559112	0.994918
95.589118	0.994956
95.619124	0.994995
95.649130	0.995035
95.679136	0.995076
95.709142	0.995118
95.739148	0.995160
95.769154	0.995204
95.799160	0.995248
95.829166	0.995293
95.859172	0.995338
95.889178	0.995385
95.919184	0.995431
95.949190	0.995479
95.979196	0.995526
96.009202	0.995574
96.039208	0.995623
96.069214	0.995671
96.099220	0.995720
96.129226	0.995769
96.159232	0.995818
96.189238	0.995866
96.219244	0.995915
96.249250	0.995963
96.279256	0.996011
96.309262	0.996059
96.339268	0.996106
96.369274	0.996153
96.399280	0.996199
96.429286	0.996245
96.459292	0.996289
96.489298	0.996333
96.519304	0.996377
96.549310	0.996419
96.579316	0.996460
96.609322	0.996501
96.639328	0.996540
96.669334	0.996578
96.699340	0.996616
96.729346	0.996652
96.759352	0.996687
96.789358	0.996720
96.819364	0.996753
96.849370	0.996785
96.879376	0.996815
96.909382	0.996844
96.939388	0.996872
96.969394	0.996899
96.999400	0.996925
97.029406	0.996950
97.059412	0.996973
97.089418	0.996996
97.119424	0.997018
97.149430	0.997038
97.179436	0.997058
97.209442	0.997077
97.239448	0.997095
97.269454	0.997113
97.299460	0.997130
97.329466	0.997146
97.359472	0.997162
97.389478	0.997178
97.419484	0.997193
97.449490	0.997207
97.479496	0.997222
97.509502	0.997237
97.539508	0.997251
97.569514	0.997266
97.599520	0.997280
97.629526	0.997295
97.659532	0.997310
97.689538	0.997326
97.719544	0.997342
97.749550	0.997358
97.779556	0.997375
97.809562	0.997393
97.839568	0.997412
97.869574	0.997431
97.899580	0.997452
97.929586	0.997473
97.959592	0.997495
97.989598	0.997518
98.019604	0.997542
98.049610	0.997568
98.079616	0.997594
98.109622	0.997622
98.139628	0.997651
98.169634	0.997681
98.199640	0.997712
98.229646	0.997745
98.259652	0.997779
98.289658	0.997814
98.319664	0.997850
98.349670	0.997888
98.379676	0.997926
98.409682	0.997966
98.439688	0.998007
98.469694	0.998049
98.499700	0.998092
98.529706	0.998136
98.559712	0.998181
98.589718	0.998227
98.619724	0.998273
98.649730	0.998320
98.679736	0.998368
98.709742	0.998417
98.739748	0.998466
98.769754	0.998515
98.799760	0.998565
98.829766	0.998615
98.859772	0.998665
98.889778	0.998716
98.919784	0.998766
98.949790	0.998816
98.979796	0.998866
99.009802	0.998915
99.039808	0.998965
99.069814	0.999014
99.099820	0.999062
99.129826	0.999110
99.159832	0.999157
99.189838	0.999203
99.219844	0.999248
99.249850	0.999292
99.279856	0.999336
99.309862	0.999378
99.339868	0.999419
99.369874	0.999459
99.399880	0.999498
99.429886	0.999536
99.459892	0.999572
99.489898	0.999607
99.519904	0.999641
99.549910	0.999673
99.579916	0.999704
99.609922	0.999733
99.639928	0.999762
99.669934	0.999788
99.699940	0.999814
99.729946	0.999838
99.759952	0.999861
99.789958	0.999882
99.819964	0.999902
99.849970	0.999921
99.879976	0.999939
99.909982	0.999956
99.939988	0.999971
99.969994	0.999986
100.000000	1.000000
