-50.000000	0.068565
-49.969994	0.068708
-49.939988	0.068853
-49.909982	0.068999
-49.879976	0.069145
-49.849970	0.069293
-49.819964	0.069442
-49.789958	0.069592
-49.759952	0.069743
-49.729946	0.069896
-49.699940	0.070050
-49.669934	0.070205
-49.639928	0.070361
-49.609922	0.070519
-49.579916	0.070679
-49.549910	0.070839
-49.519904	0.071001
-49.489898	0.071165
-49.459892	0.071329
-49.429886	0.071496
-49.399880	0.071663
-49.369874	0.071832
-49.339868	0.072003
-49.309862	0.072174
-49.279856	0.072347
-49.249850	0.072522
-49.219844	0.072698
-49.189838	0.072875
-49.159832	0.073053
-49.129826	0.073233
-49.099820	0.073414
-49.069814	0.073596
-49.039808	0.073779
-49.009802	0.073963
-48.979796	0.074149
-48.949790	0.074335
-48.919784	0.074523
-48.889778	0.074711
-48.859772	0.074900
-48.829766	0.075090
-48.799760	0.075281
-48.769754	0.075473
-48.739748	0.075666
-48.709742	0.075859
-48.679736	0.076053
-48.649730	0.076248
-48.619724	0.076443
-48.589718	0.076639
-48.559712	0.076835
-48.529706	0.077032
-48.499700	0.077229
-48.469694	0.077427
-48.439688	0.077625
-48.409682	0.077823
-48.379676	0.078022
-48.349670	0.078221
-48.319664	0.078420
-48.289658	0.078620
-48.259652	0.078820
-48.229646	0.079020
-48.199640	0.079220
-48.169634	0.079421
-48.139628	0.079622
-48.109622	0.079823
-48.079616	0.080025
-48.049610	0.080227
-48.019604	0.080429
-47.989598	0.080631
-47.959592	0.080834
-47.929586	0.081037
-47.899580	0.081241
-47.869574	0.081445
-47.839568	0.081649
-47.809562	0.081854
-47.779556	0.082060
-47.749550	0.082266
-47.719544	0.082473
-47.689538	0.082680
-47.659532	0.082888
-47.629526	0.083097
-47.599520	0.083307
-47.569514	0.083517
-47.539508	0.083729
-47.509502	0.083941
-47.479496	0.084155
-47.449490	0.084369
-47.419484	0.084585
-47.389478	0.084802
-47.359472	0.085020
-47.329466	0.085240
-47.299460	0.085461
-47.269454	0.085684
-47.239448	0.085908
-47.209442	0.086133
-47.179436	0.086360
-47.149430	0.086589
-47.119424	0.086819
-47.089418	0.087052
-47.059412	0.087286
-47.029406	0.087522
-46.999400	0.087760
-46.969394	0.087999
-46.939388	0.088241
-46.909382	0.088485
-46.879376	0.088730
-46.849370	0.088978
-46.819364	0.089228
-46.789358	0.089479
-46.759352	0.089733
-46.729346	0.089989
-46.699340	0.090248
-46.669334	0.090508
-46.639328	0.090770
-46.609322	0.091035
-46.579316	0.091301
-46.549310	0.091570
-46.519304	0.091841
-46.489298	0.092114
-46.459292	0.092388
-46.429286	0.092665
-46.399280	0.092944
-46.369274	0.093225
-46.339268	0.093508
-46.309262	0.093793
-46.279256	0.094080
-46.249250	0.094368
-46.219244	0.094659
-46.189238	0.094951
-46.159232	0.095245
-46.129226	0.095540
-46.099220	0.095838
-46.069214	0.096136
-46.039208	0.096437
-46.009202	0.096739
-45.979196	0.097043
-45.949190	0.097348
-45.919184	0.097654
-45.889178	0.097962
-45.859172	0.098271
-45.829166	0.098582
-45.799160	0.098894
-45.769154	0.099207
-45.739148	0.099521
-45.709142	0.099837
-45.679136	0.100154
-45.649130	0.100472
-45.619124	0.100791
-45.589118	0.101111
-45.559112	0.101432
-45.529106	0.101755
-45.499100	0.102078
-45.469094	0.102403
-45.439088	0.102729
-45.409082	0.103056
-45.379076	0.103384
-45.349070	0.103714
-45.319064	0.104044
-45.289058	0.104376
-45.259052	0.104709
-45.229046	0.105043
-45.199040	0.105379
-45.169034	0.105716
-45.139028	0.106054
-45.109022	0.106394
-45.079016	0.106735
-45.049010	0.107078
-45.019004	0.107422
-44.988998	0.107768
-44.958992	0.108116
-44.928986	0.108465
-44.898980	0.108817
-44.868974	0.109170
-44.838968	0.109525
-44.808962	0.109883
-44.778956	0.110242
-44.748950	0.110604
-44.718944	0.110968
-44.688938	0.111334
-44.658932	0.111703
-44.628926	0.112074
-44.598920	0.112448
-44.568914	0.112824
-44.538908	0.113204
-44.508902	0.113586
-44.478896	0.113971
-44.448890	0.114359
-44.418884	0.114750
-44.388878	0.115144
-44.358872	0.115541
-44.328866	0.115942
-44.298860	0.116346
-44.268854	0.116753
-44.238848	0.117164
-44.208842	0.117578
-44.178836	0.117995
-44.148830	0.118417
-44.118824	0.118841
-44.088818	0.119270
-44.058812	0.119702
-44.028806	0.120138
-43.998800	0.120577
-43.968794	0.121021
-43.938788	0.121468
-43.908782	0.121919
-43.878776	0.122374
-43.848770	0.122832
-43.818764	0.123295
-43.788758	0.123761
-43.758752	0.124231
-43.728746	0.124705
-43.698740	0.125183
-43.668734	0.125665
-43.638728	0.126150
-43.608722	0.126639
-43.578716	0.127132
-43.548710	0.127629
-43.518704	0.128130
-43.488698	0.128634
-43.458692	0.129142
-43.428686	0.129653
-43.398680	0.130168
-43.368674	0.130687
-43.338668	0.131210
-43.308662	0.131735
-43.278656	0.132265
-43.248650	0.132798
-43.218644	0.133334
-43.188638	0.133874
-43.158632	0.134417
-43.128626	0.134964
-43.098620	0.135514
-43.068614	0.136068
-43.038608	0.136625
-43.008602	0.137185
-42.978596	0.137748
-42.948590	0.138315
-42.918584	0.138885
-42.888578	0.139459
-42.858572	0.140036
-42.828566	0.140616
-42.798560	0.141200
-42.768554	0.141787
-42.738548	0.142377
-42.708542	0.142971
-42.678536	0.143568
-42.648530	0.144169
-42.618524	0.144774
-42.588518	0.145382
-42.558512	0.145994
-42.528506	0.146609
-42.498500	0.147229
-42.468494	0.147852
-42.438488	0.148479
-42.408482	0.149110
-42.378476	0.149745
-42.348470	0.150385
-42.318464	0.151029
-42.288458	0.151677
-42.258452	0.152330
-42.228446	0.152987
-42.198440	0.153649
-42.168434	0.154316
-42.138428	0.154987
-42.108422	0.155664
-42.078416	0.156346
-42.048410	0.157033
-42.018404	0.157726
-41.988398	0.158424
-41.958392	0.159128
-41.928386	0.159838
-41.898380	0.160554
-41.868374	0.161275
-41.838368	0.162003
-41.808362	0.162737
-41.778356	0.163478
-41.748350	0.164225
-41.718344	0.164979
-41.688338	0.165740
-41.658332	0.166508
-41.628326	0.167283
-41.598320	0.168065
-41.568314	0.168854
-41.538308	0.169651
-41.508302	0.170455
-41.478296	0.171267
-41.448290	0.172086
-41.418284	0.172914
-41.388278	0.173749
-41.358272	0.174593
-41.328266	0.175444
-41.298260	0.176304
-41.268254	0.177172
-41.238248	0.178048
-41.208242	0.178933
-41.178236	0.179827
-41.148230	0.180729
-41.118224	0.181639
-41.088218	0.182559
-41.058212	0.183487
-41.028206	0.184423
-40.998200	0.185369
-40.968194	0.186324
-40.938188	0.187287
-40.908182	0.188260
-40.878176	0.189241
-40.848170	0.190232
-40.818164	0.191231
-40.788158	0.192240
-40.758152	0.193258
-40.728146	0.194285
-40.698140	0.195321
-40.668134	0.196366
-40.638128	0.197421
-40.608122	0.198485
-40.578116	0.199558
-40.548110	0.200641
-40.518104	0.201733
-40.488098	0.202834
-40.458092	0.203945
-40.428086	0.205065
-40.398080	0.206195
-40.368074	0.207334
-40.338068	0.208483
-40.308062	0.209642
-40.278056	0.210810
-40.248050	0.211988
-40.218044	0.213176
-40.188038	0.214374
-40.158032	0.215582
-40.128026	0.216800
-40.098020	0.218029
-40.068014	0.219267
-40.038008	0.220516
-40.008002	0.221776
-39.977996	0.223046
-39.947990	0.224328
-39.917984	0.225620
-39.887978	0.226923
-39.857972	0.228237
-39.827966	0.229563
-39.797960	0.230900
-39.767954	0.232250
-39.737948	0.233611
-39.707942	0.234984
-39.677936	0.236369
-39.647930	0.237767
-39.617924	0.239178
-39.587918	0.240602
-39.557912	0.242039
-39.527906	0.243489
-39.497900	0.244953
-39.467894	0.246431
-39.437888	0.247923
-39.407882	0.249430
-39.377876	0.250951
-39.347870	0.252487
-39.317864	0.254038
-39.287858	0.255605
-39.257852	0.257188
-39.227846	0.258786
-39.197840	0.260401
-39.167834	0.262033
-39.137828	0.263681
-39.107822	0.265347
-39.077816	0.267029
-39.047810	0.268730
-39.017804	0.270449
-38.987798	0.272186
-38.957792	0.273941
-38.927786	0.275715
-38.897780	0.277509
-38.867774	0.279322
-38.837768	0.281154
-38.807762	0.283007
-38.777756	0.284879
-38.747750	0.286772
-38.717744	0.288686
-38.687738	0.290620
-38.657732	0.292576
-38.627726	0.294554
-38.597720	0.296553
-38.567714	0.298573
-38.537708	0.300616
-38.507702	0.302682
-38.477696	0.304769
-38.447690	0.306880
-38.417684	0.309014
-38.387678	0.311170
-38.357672	0.313350
-38.327666	0.315554
-38.297660	0.317781
-38.267654	0.320033
-38.237648	0.322308
-38.207642	0.324607
-38.177636	0.326931
-38.147630	0.329280
-38.117624	0.331653
-38.087618	0.334051
-38.057612	0.336474
-38.027606	0.338922
-37.997600	0.341396
-37.967594	0.343895
-37.937588	0.346419
-37.907582	0.348969
-37.877576	0.351545
-37.847570	0.354147
-37.817564	0.356775
-37.787558	0.359430
-37.757552	0.362111
-37.727546	0.364818
-37.697540	0.367552
-37.667534	0.370313
-37.637528	0.373101
-37.607522	0.375916
-37.577516	0.378758
-37.547510	0.381627
-37.517504	0.384525
-37.487497	0.387449
-37.457491	0.390402
-37.427485	0.393383
-37.397479	0.396392
-37.367473	0.399429
-37.337467	0.402495
-37.307461	0.405590
-37.277455	0.408713
-37.247449	0.411866
-37.217443	0.415048
-37.187437	0.418259
-37.157431	0.421500
-37.127425	0.424771
-37.097419	0.428072
-37.067413	0.431403
-37.037407	0.434764
-37.007401	0.438156
-36.977395	0.441579
-36.947389	0.445032
-36.917383	0.448517
-36.887377	0.452033
-36.857371	0.455581
-36.827365	0.459160
-36.797359	0.462770
-36.767353	0.466413
-36.737347	0.470087
-36.707341	0.473794
-36.677335	0.477533
-36.647329	0.481304
-36.617323	0.485107
-36.587317	0.488943
-36.557311	0.492811
-36.527305	0.496711
-36.497299	0.500644
-36.467293	0.504608
-36.437287	0.508606
-36.407281	0.512635
-36.377275	0.516696
-36.347269	0.520788
-36.317263	0.524912
-36.287257	0.529068
-36.257251	0.533254
-36.227245	0.537471
-36.197239	0.541719
-36.167233	0.545996
-36.137227	0.550302
-36.107221	0.554638
-36.077215	0.559002
-36.047209	0.563393
-36.017203	0.567812
-35.987197	0.572257
-35.957191	0.576727
-35.927185	0.581223
-35.897179	0.585742
-35.867173	0.590284
-35.837167	0.594849
-35.807161	0.599434
-35.777155	0.604040
-35.747149	0.608664
-35.717143	0.613306
-35.687137	0.617964
-35.657131	0.622637
-35.627125	0.627323
-35.597119	0.632022
-35.567113	0.636731
-35.537107	0.641450
-35.507101	0.646176
-35.477095	0.650908
-35.447089	0.655643
-35.417083	0.660381
-35.387077	0.665120
-35.357071	0.669857
-35.327065	0.674591
-35.297059	0.679319
-35.267053	0.684040
-35.237047	0.688751
-35.207041	0.693451
-35.177035	0.698137
-35.147029	0.702807
-35.117023	0.707459
-35.087017	0.712091
-35.057011	0.716699
-35.027005	0.721283
-34.996999	0.725839
-34.966993	0.730365
-34.936987	0.734859
-34.906981	0.739319
-34.876975	0.743741
-34.846969	0.748124
-34.816963	0.752465
-34.786957	0.756761
-34.756951	0.761011
-34.726945	0.765212
-34.696939	0.769361
-34.666933	0.773456
-34.636927	0.777495
-34.606921	0.781476
-34.576915	0.785395
-34.546909	0.789251
-34.516903	0.793041
-34.486897	0.796763
-34.456891	0.800416
-34.426885	0.803996
-34.396879	0.807502
-34.366873	0.810932
-34.336867	0.814284
-34.306861	0.817556
-34.276855	0.820745
-34.246849	0.823851
-34.216843	0.826872
-34.186837	0.829805
-34.156831	0.832650
-34.126825	0.835404
-34.096819	0.838067
-34.066813	0.840637
-34.036807	0.843113
-34.006801	0.845494
-33.976795	0.847778
-33.946789	0.849966
-33.916783	0.852055
-33.886777	0.854045
-33.856771	0.855936
-33.826765	0.857727
-33.796759	0.859418
-33.766753	0.861007
-33.736747	0.862496
-33.706741	0.863883
-33.676735	0.865170
-33.646729	0.866355
-33.616723	0.867439
-33.586717	0.868422
-33.556711	0.869306
-33.526705	0.870089
-33.496699	0.870773
-33.466693	0.871359
-33.436687	0.871847
-33.406681	0.872238
-33.376675	0.872533
-33.346669	0.872734
-33.316663	0.872841
-33.286657	0.872856
-33.256651	0.872780
-33.226645	0.872615
-33.196639	0.872361
-33.166633	0.872022
-33.136627	0.871598
-33.106621	0.871091
-33.076615	0.870503
-33.046609	0.869836
-33.016603	0.869092
-32.986597	0.868273
-32.956591	0.867381
-32.926585	0.866418
-32.896579	0.865387
-32.866573	0.864289
-32.836567	0.863128
-32.806561	0.861904
-32.776555	0.860622
-32.746549	0.859282
-32.716543	0.857888
-32.686537	0.856442
-32.656531	0.854946
-32.626525	0.853404
-32.596519	0.851816
-32.566513	0.850187
-32.536507	0.848518
-32.506501	0.846812
-32.476495	0.845071
-32.446489	0.843298
-32.416483	0.841495
-32.386477	0.839665
-32.356471	0.837810
-32.326465	0.835933
-32.296459	0.834036
-32.266453	0.832121
-32.236447	0.830191
-32.206441	0.828248
-32.176435	0.826293
-32.146429	0.824330
-32.116423	0.822361
-32.086417	0.820387
-32.056411	0.818410
-32.026405	0.816433
-31.996399	0.814458
-31.966393	0.812486
-31.936387	0.810519
-31.906381	0.808559
-31.876375	0.806608
-31.846369	0.804667
-31.816363	0.802737
-31.786357	0.800821
-31.756351	0.798920
-31.726345	0.797035
-31.696339	0.795167
-31.666333	0.793318
-31.636327	0.791488
-31.606321	0.789680
-31.576315	0.787893
-31.546309	0.786129
-31.516303	0.784389
-31.486297	0.782673
-31.456291	0.780983
-31.426285	0.779318
-31.396279	0.777680
-31.366273	0.776069
-31.336267	0.774486
-31.306261	0.772931
-31.276255	0.771404
-31.246249	0.769906
-31.216243	0.768437
-31.186237	0.766997
-31.156231	0.765586
-31.126225	0.764205
-31.096219	0.762853
-31.066213	0.761531
-31.036207	0.760238
-31.006201	0.758975
-30.976195	0.757740
-30.946189	0.756535
-30.916183	0.755358
-30.886177	0.754210
-30.856171	0.753090
-30.826165	0.751998
-30.796159	0.750933
-30.766153	0.749896
-30.736147	0.748886
-30.706141	0.747902
-30.676135	0.746944
-30.646129	0.746011
-30.616123	0.745103
-30.586117	0.744220
-30.556111	0.743361
-30.526105	0.742526
-30.496099	0.741713
-30.466093	0.740923
-30.436087	0.740155
-30.406081	0.739408
-30.376075	0.738682
-30.346069	0.737977
-30.316063	0.737291
-30.286057	0.736624
-30.256051	0.735976
-30.226045	0.735346
-30.196039	0.734734
-30.166033	0.734139
-30.136027	0.733560
-30.106021	0.732998
-30.076015	0.732451
-30.046009	0.731920
-30.016003	0.731403
-29.985997	0.730900
-29.955991	0.730411
-29.925985	0.729935
-29.895979	0.729472
-29.865973	0.729022
-29.835967	0.728584
-29.805961	0.728158
-29.775955	0.727743
-29.745949	0.727339
-29.715943	0.726945
-29.685937	0.726563
-29.655931	0.726190
-29.625925	0.725827
-29.595919	0.725473
-29.565913	0.725129
-29.535907	0.724793
-29.505901	0.724467
-29.475895	0.724149
-29.445889	0.723839
-29.415883	0.723537
-29.385877	0.723243
-29.355871	0.722957
-29.325865	0.722678
-29.295859	0.722407
-29.265853	0.722142
-29.235847	0.721885
-29.205841	0.721635
-29.175835	0.721392
-29.145829	0.721155
-29.115823	0.720924
-29.085817	0.720700
-29.055811	0.720483
-29.025805	0.720271
-28.995799	0.720066
-28.965793	0.719866
-28.935787	0.719673
-28.905781	0.719485
-28.875775	0.719303
-28.845769	0.719126
-28.815763	0.718955
-28.785757	0.718789
-28.755751	0.718629
-28.725745	0.718474
-28.695739	0.718323
-28.665733	0.718178
-28.635727	0.718038
-28.605721	0.717903
-28.575715	0.717772
-28.545709	0.717646
-28.515703	0.717525
-28.485697	0.717408
-28.455691	0.717295
-28.425685	0.717187
-28.395679	0.717082
-28.365673	0.716982
-28.335667	0.716886
-28.305661	0.716793
-28.275655	0.716704
-28.245649	0.716619
-28.215643	0.716537
-28.185637	0.716458
-28.155631	0.716383
-28.125625	0.716311
-28.095619	0.716242
-28.065613	0.716176
-28.035607	0.716112
-28.005601	0.716052
-27.975595	0.715994
-27.945589	0.715938
-27.915583	0.715885
-27.885577	0.715833
-27.855571	0.715784
-27.825565	0.715737
-27.795559	0.715692
-27.765553	0.715649
-27.735547	0.715608
-27.705541	0.715568
-27.675535	0.715529
-27.645529	0.715492
-27.615523	0.715457
-27.585517	0.715422
-27.555511	0.715389
-27.525505	0.715357
-27.495499	0.715326
-27.465493	0.715296
-27.435487	0.715267
-27.405481	0.715239
-27.375475	0.715211
-27.345469	0.715185
-27.315463	0.715159
-27.285457	0.715134
-27.255451	0.715109
-27.225445	0.715085
-27.195439	0.715062
-27.165433	0.715039
-27.135427	0.715017
-27.105421	0.714996
-27.075415	0.714975
-27.045409	0.714954
-27.015403	0.714934
-26.985397	0.714915
-26.955391	0.714896
-26.925385	0.714878
-26.895379	0.714861
-26.865373	0.714844
-26.835367	0.714828
-26.805361	0.714812
-26.775355	0.714798
-26.745349	0.714784
-26.715343	0.714770
-26.685337	0.714758
-26.655331	0.714747
-26.625325	0.714736
-26.595319	0.714726
-26.565313	0.714717
-26.535307	0.714710
-26.505301	0.714703
-26.475295	0.714697
-26.445289	0.714693
-26.415283	0.714690
-26.385277	0.714688
-26.355271	0.714687
-26.325265	0.714687
-26.295259	0.714689
-26.265253	0.714692
-26.235247	0.714696
-26.205241	0.714702
-26.175235	0.714709
-26.145229	0.714717
-26.115223	0.714727
-26.085217	0.714739
-26.055211	0.714752
-26.025205	0.714766
-25.995199	0.714782
-25.965193	0.714799
-25.935187	0.714818
-25.905181	0.714839
-25.875175	0.714860
-25.845169	0.714884
-25.815163	0.714908
-25.785157	0.714934
-25.755151	0.714962
-25.725145	0.714991
-25.695139	0.715021
-25.665133	0.715053
-25.635127	0.715086
-25.605121	0.715120
-25.575115	0.715156
-25.545109	0.715193
-25.515103	0.715230
-25.485097	0.715269
-25.455091	0.715310
-25.425085	0.715351
-25.395079	0.715393
-25.365073	0.715436
-25.335067	0.715480
-25.305061	0.715525
-25.275055	0.715570
-25.245049	0.715616
-25.215043	0.715663
-25.185037	0.715711
-25.155031	0.715759
-25.125025	0.715808
-25.095019	0.715857
-25.065013	0.715907
-25.035007	0.715957
-25.005001	0.716007
-24.974995	0.716058
-24.944989	0.716109
-24.914983	0.716160
-24.884977	0.716212
-24.854971	0.716263
-24.824965	0.716315
-24.794959	0.716366
-24.764953	0.716418
-24.734947	0.716470
-24.704941	0.716521
-24.674935	0.716573
-24.644929	0.716625
-24.614923	0.716676
-24.584917	0.716728
-24.554911	0.716779
-24.524905	0.716831
-24.494899	0.716882
-24.464893	0.716933
-24.434887	0.716984
-24.404881	0.717035
-24.374875	0.717085
-24.344869	0.717136
-24.314863	0.717187
-24.284857	0.717237
-24.254851	0.717288
-24.224845	0.717338
-24.194839	0.717389
-24.164833	0.717439
-24.134827	0.717490
-24.104821	0.717540
-24.074815	0.717591
-24.044809	0.717642
-24.014803	0.717692
-23.984797	0.717744
-23.954791	0.717795
-23.924785	0.717846
-23.894779	0.717898
-23.864773	0.717951
-23.834767	0.718003
-23.804761	0.718056
-23.774755	0.718109
-23.744749	0.718163
-23.714743	0.718217
-23.684737	0.718272
-23.654731	0.718327
-23.624725	0.718383
-23.594719	0.718440
-23.564713	0.718497
-23.534707	0.718555
-23.504701	0.718613
-23.474695	0.718672
-23.444689	0.718732
-23.414683	0.718793
-23.384677	0.718854
-23.354671	0.718916
-23.324665	0.718979
-23.294659	0.719043
-23.264653	0.719108
-23.234647	0.719173
-23.204641	0.719239
-23.174635	0.719306
-23.144629	0.719374
-23.114623	0.719443
-23.084617	0.719512
-23.054611	0.719582
-23.024605	0.719653
-22.994599	0.719725
-22.964593	0.719798
-22.934587	0.719871
-22.904581	0.719945
-22.874575	0.720019
-22.844569	0.720095
-22.814563	0.720171
-22.784557	0.720247
-22.754551	0.720325
-22.724545	0.720402
-22.694539	0.720481
-22.664533	0.720560
-22.634527	0.720639
-22.604521	0.720719
-22.574515	0.720799
-22.544509	0.720879
-22.514503	0.720960
-22.484497	0.721041
-22.454491	0.721123
-22.424485	0.721204
-22.394479	0.721286
-22.364473	0.721368
-22.334467	0.721450
-22.304461	0.721532
-22.274455	0.721615
-22.244449	0.721697
-22.214443	0.721779
-22.184437	0.721862
-22.154431	0.721944
-22.124425	0.722026
-22.094419	0.722108
-22.064413	0.722190
-22.034407	0.722272
-22.004401	0.722354
-21.974395	0.722435
-21.944389	0.722516
-21.914383	0.722597
-21.884377	0.722678
-21.854371	0.722759
-21.824365	0.722840
-21.794359	0.722920
-21.764353	0.723000
-21.734347	0.723080
-21.704341	0.723159
-21.674335	0.723238
-21.644329	0.723317
-21.614323	0.723396
-21.584317	0.723475
-21.554311	0.723554
-21.524305	0.723632
-21.494299	0.723710
-21.464293	0.723788
-21.434287	0.723866
-21.404281	0.723944
-21.374275	0.724022
-21.344269	0.724099
-21.314263	0.724177
-21.284257	0.724255
-21.254251	0.724332
-21.224245	0.724410
-21.194239	0.724488
-21.164233	0.724566
-21.134227	0.724643
-21.104221	0.724722
-21.074215	0.724800
-21.044209	0.724878
-21.014203	0.724957
-20.984197	0.725036
-20.954191	0.725115
-20.924185	0.725195
-20.894179	0.725275
-20.864173	0.725355
-20.834167	0.725436
-20.804161	0.725517
-20.774155	0.725598
-20.744149	0.725680
-20.714143	0.725762
-20.684137	0.725845
-20.654131	0.725928
-20.624125	0.726012
-20.594119	0.726096
-20.564113	0.726181
-20.534107	0.726266
-20.504101	0.726352
-20.474095	0.726438
-20.444089	0.726525
-20.414083	0.726612
-20.384077	0.726700
-20.354071	0.726789
-20.324065	0.726878
-20.294059	0.726967
-20.264053	0.727057
-20.234047	0.727147
-20.204041	0.727238
-20.174035	0.727330
-20.144029	0.727422
-20.114023	0.727514
-20.084017	0.727607
-20.054011	0.727700
-20.024005	0.727793
-19.993999	0.727887
-19.963993	0.727981
-19.933987	0.728076
-19.903981	0.728170
-19.873975	0.728265
-19.843969	0.728361
-19.813963	0.728456
-19.783957	0.728552
-19.753951	0.728647
-19.723945	0.728743
-19.693939	0.728839
-19.663933	0.728935
-19.633927	0.729032
-19.603921	0.729128
-19.573915	0.729224
-19.543909	0.729320
-19.513903	0.729416
-19.483897	0.729512
-19.453891	0.729608
-19.423885	0.729704
-19.393879	0.729800
-19.363873	0.729895
-19.333867	0.729991
-19.303861	0.730086
-19.273855	0.730181
-19.243849	0.730276
-19.213843	0.730371
-19.183837	0.730465
-19.153831	0.730559
-19.123825	0.730653
-19.093819	0.730747
-19.063813	0.730840
-19.033807	0.730934
-19.003801	0.731027
-18.973795	0.731119
-18.943789	0.731212
-18.913783	0.731304
-18.883777	0.731396
-18.853771	0.731488
-18.823765	0.731580
-18.793759	0.731671
-18.763753	0.731762
-18.733747	0.731853
-18.703741	0.731944
-18.673735	0.732035
-18.643729	0.732125
-18.613723	0.732216
-18.583717	0.732306
-18.553711	0.732396
-18.523705	0.732487
-18.493699	0.732577
-18.463693	0.732667
-18.433687	0.732757
-18.403681	0.732848
-18.373675	0.732938
-18.343669	0.733028
-18.313663	0.733119
-18.283657	0.733210
-18.253651	0.733300
-18.223645	0.733391
-18.193639	0.733482
-18.163633	0.733574
-18.133627	0.733665
-18.103621	0.733757
-18.073615	0.733849
-18.043609	0.733941
-18.013603	0.734034
-17.983597	0.734127
-17.953591	0.734220
-17.923585	0.734314
-17.893579	0.734407
-17.863573	0.734502
-17.833567	0.734596
-17.803561	0.734691
-17.773555	0.734787
-17.743549	0.734882
-17.713543	0.734978
-17.683537	0.735075
-17.653531	0.735172
-17.623525	0.735269
-17.593519	0.735366
-17.563513	0.735464
-17.533507	0.735563
-17.503501	0.735661
-17.473495	0.735760
-17.443489	0.735860
-17.413483	0.735959
-17.383477	0.736059
-17.353471	0.736160
-17.323465	0.736260
-17.293459	0.736361
-17.263453	0.736462
-17.233447	0.736563
-17.203441	0.736665
-17.173435	0.736767
-17.143429	0.736869
-17.113423	0.736971
-17.083417	0.737073
-17.053411	0.737175
-17.023405	0.737277
-16.993399	0.737380
-16.963393	0.737482
-16.933387	0.737585
-16.903381	0.737687
-16.873375	0.737790
-16.843369	0.737893
-16.813363	0.737995
-16.783357	0.738097
-16.753351	0.738200
-16.723345	0.738302
-16.693339	0.738404
-16.663333	0.738506
-16.633327	0.738608
-16.603321	0.738709
-16.573315	0.738811
-16.543309	0.738912
-16.513303	0.739013
-16.483297	0.739114
-16.453291	0.739215
-16.423285	0.739315
-16.393279	0.739415
-16.363273	0.739515
-16.333267	0.739615
-16.303261	0.739715
-16.273255	0.739814
-16.243249	0.739913
-16.213243	0.740012
-16.183237	0.740110
-16.153231	0.740209
-16.123225	0.740307
-16.093219	0.740405
-16.063213	0.740502
-16.033207	0.740600
-16.003201	0.740697
-15.973195	0.740794
-15.943189	0.740891
-15.913183	0.740988
-15.883177	0.741085
-15.853171	0.741182
-15.823165	0.741278
-15.793159	0.741375
-15.763153	0.741471
-15.733147	0.741567
-15.703141	0.741664
-15.673135	0.741760
-15.643129	0.741856
-15.613123	0.741953
-15.583117	0.742049
-15.553111	0.742145
-15.523105	0.742242
-15.493099	0.742339
-15.463093	0.742435
-15.433087	0.742532
-15.403081	0.742629
-15.373075	0.742726
-15.343069	0.742824
-15.313063	0.742921
-15.283057	0.743019
-15.253051	0.743117
-15.223045	0.743215
-15.193039	0.743314
-15.163033	0.743412
-15.133027	0.743511
-15.103021	0.743610
-15.073015	0.743710
-15.043009	0.743810
-15.013003	0.743910
-14.982997	0.744010
-14.952991	0.744111
-14.922985	0.744211
-14.892979	0.744313
-14.862973	0.744414
-14.832967	0.744516
-14.802961	0.744618
-14.772955	0.744720
-14.742949	0.744823
-14.712943	0.744925
-14.682937	0.745029
-14.652931	0.745132
-14.622925	0.745235
-14.592919	0.745339
-14.562913	0.745443
-14.532907	0.745547
-14.502901	0.745651
-14.472895	0.745756
-14.442889	0.745861
-14.412883	0.745965
-14.382877	0.746070
-14.352871	0.746175
-14.322865	0.746280
-14.292859	0.746385
-14.262853	0.746490
-14.232847	0.746596
-14.202841	0.746701
-14.172835	0.746806
-14.142829	0.746911
-14.112823	0.747016
-14.082817	0.747121
-14.052811	0.747226
-14.022805	0.747331
-13.992799	0.747436
-13.962793	0.747541
-13.932787	0.747645
-13.902781	0.747750
-13.872775	0.747854
-13.842769	0.747958
-13.812763	0.748062
-13.782757	0.748166
-13.752751	0.748269
-13.722745	0.748372
-13.692739	0.748476
-13.662733	0.748579
-13.632727	0.748681
-13.602721	0.748784
-13.572715	0.748886
-13.542709	0.748988
-13.512703	0.749090
-13.482697	0.749192
-13.452691	0.749293
-13.422685	0.749394
-13.392679	0.749495
-13.362673	0.749596
-13.332667	0.749697
-13.302661	0.749797
-13.272655	0.749897
-13.242649	0.749997
-13.212643	0.750097
-13.182637	0.750197
-13.152631	0.750297
-13.122625	0.750396
-13.092619	0.750495
-13.062613	0.750595
-13.032607	0.750694
-13.002601	0.750793
-12.972595	0.750892
-12.942589	0.750991
-12.912583	0.751090
-12.882577	0.751189
-12.852571	0.751288
-12.822565	0.751387
-12.792559	0.751487
-12.762553	0.751586
-12.732547	0.751685
-12.702541	0.751784
-12.672535	0.751884
-12.642529	0.751983
-12.612523	0.752083
-12.582517	0.752183
-12.552511	0.752283
-12.522505	0.752383
-12.492498	0.752483
-12.462492	0.752583
-12.432486	0.752684
-12.402480	0.752785
-12.372474	0.752886
-12.342468	0.752987
-12.312462	0.753089
-12.282456	0.753190
-12.252450	0.753292
-12.222444	0.753395
-12.192438	0.753497
-12.162432	0.753600
-12.132426	0.753702
-12.102420	0.753805
-12.072414	0.753909
-12.042408	0.754012
-12.012402	0.754116
-11.982396	0.754220
-11.952390	0.754324
-11.922384	0.754428
-11.892378	0.754533
-11.862372	0.754637
-11.832366	0.754742
-11.802360	0.754847
-11.772354	0.754952
-11.742348	0.755058
-11.712342	0.755163
-11.682336	0.755268
-11.652330	0.755374
-11.622324	0.755480
-11.592318	0.755585
-11.562312	0.755691
-11.532306	0.755797
-11.502300	0.755903
-11.472294	0.756009
-11.442288	0.756114
-11.412282	0.756220
-11.382276	0.756326
-11.352270	0.756431
-11.322264	0.756537
-11.292258	0.756643
-11.262252	0.756748
-11.232246	0.756853
-11.202240	0.756959
-11.172234	0.757064
-11.142228	0.757169
-11.112222	0.757273
-11.082216	0.757378
-11.052210	0.757482
-11.022204	0.757587
-10.992198	0.757691
-10.962192	0.757795
-10.932186	0.757898
-10.902180	0.758002
-10.872174	0.758105
-10.842168	0.758208
-10.812162	0.758311
-10.782156	0.758414
-10.752150	0.758517
-10.722144	0.758619
-10.692138	0.758721
-10.662132	0.758823
-10.632126	0.758925
-10.602120	0.759026
-10.572114	0.759128
-10.542108	0.759229
-10.512102	0.759330
-10.482096	0.759431
-10.452090	0.759531
-10.422084	0.759632
-10.392078	0.759733
-10.362072	0.759833
-10.332066	0.759933
-10.302060	0.760033
-10.272054	0.760133
-10.242048	0.760233
-10.212042	0.760333
-10.182036	0.760433
-10.152030	0.760533
-10.122024	0.760633
-10.092018	0.760733
-10.062012	0.760833
-10.032006	0.760933
-10.002000	0.761033
-9.971994	0.761133
-9.941988	0.761233
-9.911982	0.761333
-9.881976	0.761434
-9.851970	0.761534
-9.821964	0.761635
-9.791958	0.761735
-9.761952	0.761836
-9.731946	0.761937
-9.701940	0.762038
-9.671934	0.762139
-9.641928	0.762240
-9.611922	0.762342
-9.581916	0.762444
-9.551910	0.762545
-9.521904	0.762648
-9.491898	0.762750
-9.461892	0.762852
-9.431886	0.762955
-9.401880	0.763058
-9.371874	0.763161
-9.341868	0.763264
-9.311862	0.763367
-9.281856	0.763471
-9.251850	0.763574
-9.221844	0.763678
-9.191838	0.763782
-9.161832	0.763887
-9.131826	0.763991
-9.101820	0.764095
-9.071814	0.764200
-9.041808	0.764305
-9.011802	0.764409
-8.981796	0.764514
-8.951790	0.764619
-8.921784	0.764724
-8.891778	0.764830
-8.861772	0.764935
-8.831766	0.765040
-8.801760	0.765145
-8.771754	0.765251
-8.741748	0.765356
-8.711742	0.765461
-8.681736	0.765566
-8.651730	0.765672
-8.621724	0.765777
-8.591718	0.765882
-8.561712	0.765987
-8.531706	0.766092
-8.501700	0.766197
-8.471694	0.766301
-8.441688	0.766406
-8.411682	0.766510
-8.381676	0.766615
-8.351670	0.766719
-8.321664	0.766823
-8.291658	0.766927
-8.261652	0.767031
-8.231646	0.767134
-8.201640	0.767238
-8.171634	0.767341
-8.141628	0.767444
-8.111622	0.767547
-8.081616	0.767649
-8.051610	0.767752
-8.021604	0.767854
-7.991598	0.767956
-7.961592	0.768058
-7.931586	0.768160
-7.901580	0.768261
-7.871574	0.768363
-7.841568	0.768464
-7.811562	0.768565
-7.781556	0.768666
-7.751550	0.768767
-7.721544	0.768867
-7.691538	0.768968
-7.661532	0.769068
-7.631526	0.769168
-7.601520	0.769268
-7.571514	0.769368
-7.541508	0.769468
-7.511502	0.769568
-7.481496	0.769668
-7.451490	0.769768
-7.421484	0.769868
-7.391478	0.769967
-7.361472	0.770067
-7.331466	0.770167
-7.301460	0.770266
-7.271454	0.770366
-7.241448	0.770466
-7.211442	0.770565
-7.181436	0.770665
-7.151430	0.770765
-7.121424	0.770865
-7.091418	0.770965
-7.061412	0.771065
-7.031406	0.771166
-7.001400	0.771266
-6.971394	0.771366
-6.941388	0.771467
-6.911382	0.771568
-6.881376	0.771669
-6.851370	0.771770
-6.821364	0.771871
-6.791358	0.771972
-6.761352	0.772074
-6.731346	0.772175
-6.701340	0.772277
-6.671334	0.772379
-6.641328	0.772481
-6.611322	0.772583
-6.581316	0.772686
-6.551310	0.772788
-6.521304	0.772891
-6.491298	0.772994
-6.461292	0.773097
-6.431286	0.773200
-6.401280	0.773303
-6.371274	0.773407
-6.341268	0.773510
-6.311262	0.773614
-6.281256	0.773717
-6.251250	0.773821
-6.221244	0.773925
-6.191238	0.774029
-6.161232	0.774133
-6.131226	0.774237
-6.101220	0.774341
-6.071214	0.774445
-6.041208	0.774549
-6.011202	0.774653
-5.981196	0.774757
-5.951190	0.774861
-5.921184	0.774965
-5.891178	0.775069
-5.861172	0.775173
-5.831166	0.775277
-5.801160	0.775381
-5.771154	0.775484
-5.741148	0.775588
-5.711142	0.775691
-5.681136	0.775795
-5.651130	0.775898
-5.621124	0.776001
-5.591118	0.776104
-5.561112	0.776207
-5.531106	0.776310
-5.501100	0.776412
-5.471094	0.776515
-5.441088	0.776617
-5.411082	0.776719
-5.381076	0.776821
-5.351070	0.776922
-5.321064	0.777024
-5.291058	0.777125
-5.261052	0.777226
-5.231046	0.777327
-5.201040	0.777428
-5.171034	0.777529
-5.141028	0.777629
-5.111022	0.777730
-5.081016	0.777830
-5.051010	0.777930
-5.021004	0.778030
-4.990998	0.778130
-4.960992	0.778229
-4.930986	0.778329
-4.900980	0.778428
-4.870974	0.778527
-4.840968	0.778627
-4.810962	0.778726
-4.780956	0.778825
-4.750950	0.778924
-4.720944	0.779023
-4.690938	0.779121
-4.660932	0.779220
-4.630926	0.779319
-4.600920	0.779418
-4.570914	0.779517
-4.540908	0.779615
-4.510902	0.779714
-4.480896	0.779813
-4.450890	0.779912
-4.420884	0.780011
-4.390878	0.780109
-4.360872	0.780208
-4.330866	0.780308
-4.300860	0.780407
-4.270854	0.780506
-4.240848	0.780605
-4.210842	0.780705
-4.180836	0.780804
-4.150830	0.780904
-4.120824	0.781004
-4.090818	0.781104
-4.060812	0.781204
-4.030806	0.781304
-4.000800	0.781404
-3.970794	0.781505
-3.940788	0.781605
-3.910782	0.781706
-3.880776	0.781807
-3.850770	0.781908
-3.820764	0.782009
-3.790758	0.782110
-3.760752	0.782211
-3.730746	0.782313
-3.700740	0.782414
-3.670734	0.782516
-3.640728	0.782618
-3.610722	0.782720
-3.580716	0.782822
-3.550710	0.782924
-3.520704	0.783026
-3.490698	0.783128
-3.460692	0.783230
-3.430686	0.783333
-3.400680	0.783435
-3.370674	0.783538
-3.340668	0.783640
-3.310662	0.783743
-3.280656	0.783845
-3.250650	0.783947
-3.220644	0.784050
-3.190638	0.784152
-3.160632	0.784255
-3.130626	0.784357
-3.100620	0.784459
-3.070614	0.784561
-3.040608	0.784664
-3.010602	0.784766
-2.980596	0.784867
-2.950590	0.784969
-2.920584	0.785071
-2.890578	0.785173
-2.860572	0.785274
-2.830566	0.785375
-2.800560	0.785477
-2.770554	0.785578
-2.740548	0.785679
-2.710542	0.785779
-2.680536	0.785880
-2.650530	0.785981
-2.620524	0.786081
-2.590518	0.786181
-2.560512	0.786281
-2.530506	0.786381
-2.500500	0.786480
-2.470494	0.786580
-2.440488	0.786679
-2.410482	0.786778
-2.380476	0.786877
-2.350470	0.786976
-2.320464	0.787075
-2.290458	0.787174
-2.260452	0.787272
-2.230446	0.787370
-2.200440	0.787469
-2.170434	0.787567
-2.140428	0.787665
-2.110422	0.787763
-2.080416	0.787860
-2.050410	0.787958
-2.020404	0.788056
-1.990398	0.788153
-1.960392	0.788251
-1.930386	0.788348
-1.900380	0.788446
-1.870374	0.788543
-1.840368	0.788640
-1.810362	0.788738
-1.780356	0.788835
-1.750350	0.788933
-1.720344	0.789030
-1.690338	0.789127
-1.660332	0.789225
-1.630326	0.789322
-1.600320	0.789420
-1.570314	0.789518
-1.540308	0.789615
-1.510302	0.789713
-1.480296	0.789811
-1.450290	0.789909
-1.420284	0.790007
-1.390278	0.790105
-1.360272	0.790204
-1.330266	0.790302
-1.300260	0.790401
-1.270254	0.790499
-1.240248	0.790598
-1.210242	0.790697
-1.180236	0.790796
-1.150230	0.790895
-1.120224	0.790994
-1.090218	0.791093
-1.060212	0.791193
-1.030206	0.791292
-1.000200	0.791392
-0.970194	0.791492
-0.940188	0.791592
-0.910182	0.791692
-0.880176	0.791792
-0.850170	0.791892
-0.820164	0.791992
-0.790158	0.792092
-0.760152	0.792193
-0.730146	0.792293
-0.700140	0.792393
-0.670134	0.792494
-0.640128	0.792594
-0.610122	0.792695
-0.580116	0.792796
-0.550110	0.792896
-0.520104	0.792997
-0.490098	0.793097
-0.460092	0.793198
-0.430086	0.793298
-0.400080	0.793399
-0.370074	0.793499
-0.340068	0.793599
-0.310062	0.793700
-0.280056	0.793800
-0.250050	0.793900
-0.220044	0.794000
-0.190038	0.794100
-0.160032	0.794200
-0.130026	0.794299
-0.100020	0.794399
-0.070014	0.794498
-0.040008	0.794598
-0.010002	0.794697
0.020004	0.794796
0.050010	0.794895
0.080016	0.794994
0.110022	0.795092
0.140028	0.795191
0.170034	0.795289
0.200040	0.795387
0.230046	0.795485
0.260052	0.795583
0.290058	0.795681
0.320064	0.795778
0.350070	0.795876
0.380076	0.795973
0.410082	0.796070
0.440088	0.796167
0.470094	0.796264
0.500100	0.796361
0.530106	0.796457
0.560112	0.796554
0.590118	0.796650
0.620124	0.796746
0.650130	0.796843
0.680136	0.796939
0.710142	0.797035
0.740148	0.797131
0.770154	0.797226
0.800160	0.797322
0.830166	0.797418
0.860172	0.797514
0.890178	0.797610
0.920184	0.797705
0.950190	0.797801
0.980196	0.797897
1.010202	0.797993
1.040208	0.798088
1.070214	0.798184
1.100220	0.798280
1.130226	0.798376
1.160232	0.798472
1.190238	0.798567
1.220244	0.798663
1.250250	0.798760
1.280256	0.798856
1.310262	0.798952
1.340268	0.799048
1.370274	0.799145
1.400280	0.799241
1.430286	0.799338
1.460292	0.799435
1.490298	0.799531
1.520304	0.799628
1.550310	0.799725
1.580316	0.799822
1.610322	0.799920
1.640328	0.800017
1.670334	0.800114
1.700340	0.800212
1.730346	0.800310
1.760352	0.800407
1.790358	0.800505
1.820364	0.800603
1.850370	0.800701
1.880376	0.800799
1.910382	0.800897
1.940388	0.800996
1.970394	0.801094
2.000400	0.801192
2.030406	0.801291
2.060412	0.801389
2.090418	0.801487
2.120424	0.801586
2.150430	0.801684
2.180436	0.801783
2.210442	0.801881
2.240448	0.801980
2.270454	0.802078
2.300460	0.802177
2.330466	0.802275
2.360472	0.802374
2.390478	0.802472
2.420484	0.802570
2.450490	0.802668
2.480496	0.802766
2.510502	0.802864
2.540508	0.802962
2.570514	0.803060
2.600520	0.803158
2.630526	0.803255
2.660532	0.803353
2.690538	0.803450
2.720544	0.803548
2.750550	0.803645
2.780556	0.803742
2.810562	0.803839
2.840568	0.803935
2.870574	0.804032
2.900580	0.804128
2.930586	0.804225
2.960592	0.804321
2.990598	0.804417
3.020604	0.804513
3.050610	0.804608
3.080616	0.804704
3.110622	0.804799
3.140628	0.804895
3.170634	0.804990
3.200640	0.805085
3.230646	0.805180
3.260652	0.805274
3.290658	0.805369
3.320664	0.805464
3.350670	0.805558
3.380676	0.805652
3.410682	0.805747
3.440688	0.805841
3.470694	0.805935
3.500700	0.806029
3.530706	0.806123
3.560712	0.806217
3.590718	0.806311
3.620724	0.806405
3.650730	0.806499
3.680736	0.806593
3.710742	0.806686
3.740748	0.806780
3.770754	0.806874
3.800760	0.806968
3.830766	0.807062
3.860772	0.807156
3.890778	0.807250
3.920784	0.807344
3.950790	0.807438
3.980796	0.807532
4.010802	0.807626
4.040808	0.807720
4.070814	0.807814
4.100820	0.807909
4.130826	0.808003
4.160832	0.808098
4.190838	0.808192
4.220844	0.808287
4.250850	0.808382
4.280856	0.808477
4.310862	0.808572
4.340868	0.808667
4.370874	0.808762
4.400880	0.808858
4.430886	0.808953
4.460892	0.809048
4.490898	0.809144
4.520904	0.809240
4.550910	0.809335
4.580916	0.809431
4.610922	0.809527
4.640928	0.809623
4.670934	0.809719
4.700940	0.809815
4.730946	0.809911
4.760952	0.810008
4.790958	0.810104
4.820964	0.810200
4.850970	0.810296
4.880976	0.810393
4.910982	0.810489
4.940988	0.810585
4.970994	0.810682
5.001000	0.810778
5.031006	0.810874
5.061012	0.810970
5.091018	0.811067
5.121024	0.811163
5.151030	0.811259
5.181036	0.811355
5.211042	0.811451
5.241048	0.811547
5.271054	0.811643
5.301060	0.811738
5.331066	0.811834
5.361072	0.811929
5.391078	0.812025
5.421084	0.812120
5.451090	0.812215
5.481096	0.812310
5.511102	0.812405
5.541108	0.812500
5.571114	0.812595
5.601120	0.812689
5.631126	0.812784
5.661132	0.812878
5.691138	0.812972
5.721144	0.813066
5.751150	0.813160
5.781156	0.813254
5.811162	0.813347
5.841168	0.813441
5.871174	0.813534
5.901180	0.813627
5.931186	0.813720
5.961192	0.813813
5.991198	0.813906
6.021204	0.813999
6.051210	0.814091
6.081216	0.814184
6.111222	0.814276
6.141228	0.814369
6.171234	0.814461
6.201240	0.814553
6.231246	0.814645
6.261252	0.814737
6.291258	0.814829
6.321264	0.814921
6.351270	0.815013
6.381276	0.815105
6.411282	0.815196
6.441288	0.815288
6.471294	0.815380
6.501300	0.815472
6.531306	0.815564
6.561312	0.815655
6.591318	0.815747
6.621324	0.815839
6.651330	0.815931
6.681336	0.816023
6.711342	0.816115
6.741348	0.816207
6.771354	0.816299
6.801360	0.816391
6.831366	0.816483
6.861372	0.816576
6.891378	0.816668
6.921384	0.816761
6.951390	0.816853
6.981396	0.816946
7.011402	0.817039
7.041408	0.817131
7.071414	0.817224
7.101420	0.817317
7.131426	0.817410
7.161432	0.817503
7.191438	0.817597
7.221444	0.817690
7.251450	0.817783
7.281456	0.817877
7.311462	0.817970
7.341468	0.818064
7.371474	0.818158
7.401480	0.818251
7.431486	0.818345
7.461492	0.818439
7.491498	0.818533
7.521504	0.818627
7.551510	0.818721
7.581516	0.818815
7.611522	0.818909
7.641528	0.819003
7.671534	0.819097
7.701540	0.819191
7.731546	0.819285
7.761552	0.819379
7.791558	0.819473
7.821564	0.819567
7.851570	0.819661
7.881576	0.819755
7.911582	0.819849
7.941588	0.819942
7.971594	0.820036
8.001600	0.820130
8.031606	0.820223
8.061612	0.820317
8.091618	0.820410
8.121624	0.820503
8.151630	0.820596
8.181636	0.820689
8.211642	0.820782
8.241648	0.820875
8.271654	0.820968
8.301660	0.821060
8.331666	0.821153
8.361672	0.821245
8.391678	0.821337
8.421684	0.821429
8.451690	0.821521
8.481696	0.821613
8.511702	0.821704
8.541708	0.821796
8.571714	0.821887
8.601720	0.821979
8.631726	0.822070
8.661732	0.822161
8.691738	0.822251
8.721744	0.822342
8.751750	0.822433
8.781756	0.822523
8.811762	0.822614
8.841768	0.822704
8.871774	0.822794
8.901780	0.822884
8.931786	0.822975
8.961792	0.823064
8.991798	0.823154
9.021804	0.823244
9.051810	0.823334
9.081816	0.823424
9.111822	0.823514
9.141828	0.823603
9.171834	0.823693
9.201840	0.823783
9.231846	0.823872
9.261852	0.823962
9.291858	0.824052
9.321864	0.824141
9.351870	0.824231
9.381876	0.824321
9.411882	0.824410
9.441888	0.824500
9.471894	0.824590
9.501900	0.824680
9.531906	0.824770
9.561912	0.824860
9.591918	0.824950
9.621924	0.825040
9.651930	0.825130
9.681936	0.825220
9.711942	0.825311
9.741948	0.825401
9.771954	0.825492
9.801960	0.825582
9.831966	0.825673
9.861972	0.825764
9.891978	0.825855
9.921984	0.825945
9.951990	0.826036
9.981996	0.826127
10.012002	0.826219
10.042008	0.826310
10.072014	0.826401
10.102020	0.826492
10.132026	0.826584
10.162032	0.826675
10.192038	0.826767
10.222044	0.826858
10.252050	0.826950
10.282056	0.827042
10.312062	0.827133
10.342068	0.827225
10.372074	0.827317
10.402080	0.827408
10.432086	0.827500
10.462092	0.827592
10.492098	0.827684
10.522104	0.827775
10.552110	0.827867
10.582116	0.827959
10.612122	0.828050
10.642128	0.828142
10.672134	0.828233
10.702140	0.828325
10.732146	0.828416
10.762152	0.828507
10.792158	0.828598
10.822164	0.828689
10.852170	0.828780
10.882176	0.828871
10.912182	0.828962
10.942188	0.829053
10.972194	0.829143
11.002200	0.829234
11.032206	0.829324
11.062212	0.829414
11.092218	0.829504
11.122224	0.829594
11.152230	0.829684
11.182236	0.829774
11.212242	0.829864
11.242248	0.829953
11.272254	0.830042
11.302260	0.830132
11.332266	0.830221
11.362272	0.830310
11.392278	0.830398
11.422284	0.830487
11.452290	0.830576
11.482296	0.830664
11.512302	0.830753
11.542308	0.830841
11.572314	0.830929
11.602320	0.831017
11.632326	0.831105
11.662332	0.831193
11.692338	0.831281
11.722344	0.831368
11.752350	0.831456
11.782356	0.831544
11.812362	0.831631
11.842368	0.831719
11.872374	0.831806
11.902380	0.831894
11.932386	0.831981
11.962392	0.832069
11.992398	0.832156
12.022404	0.832244
12.052410	0.832331
12.082416	0.832418
12.112422	0.832506
12.142428	0.832593
12.172434	0.832681
12.202440	0.832768
12.232446	0.832856
12.262452	0.832944
12.292458	0.833031
12.322464	0.833119
12.352470	0.833207
12.382476	0.833295
12.412482	0.833383
12.442488	0.833471
12.472494	0.833559
12.502501	0.833647
12.532507	0.833735
12.562513	0.833824
12.592519	0.833912
12.622525	0.834000
12.652531	0.834089
12.682537	0.834178
12.712543	0.834266
12.742549	0.834355
12.772555	0.834444
12.802561	0.834533
12.832567	0.834622
12.862573	0.834711
12.892579	0.834800
12.922585	0.834889
12.952591	0.834978
12.982597	0.835067
13.012603	0.835157
13.042609	0.835246
13.072615	0.835335
13.102621	0.835425
13.132627	0.835514
13.162633	0.835603
13.192639	0.835693
13.222645	0.835782
13.252651	0.835871
13.282657	0.835961
13.312663	0.836050
13.342669	0.836139
13.372675	0.836228
13.402681	0.836318
13.432687	0.836407
13.462693	0.836496
13.492699	0.836585
13.522705	0.836674
13.552711	0.836762
13.582717	0.836851
13.612723	0.836940
13.642729	0.837028
13.672735	0.837117
13.702741	0.837205
13.732747	0.837293
13.762753	0.837381
13.792759	0.837469
13.822765	0.837557
13.852771	0.837645
13.882777	0.837732
13.912783	0.837820
13.942789	0.837907
13.972795	0.837995
14.002801	0.838082
14.032807	0.838169
14.062813	0.838255
14.092819	0.838342
14.122825	0.838429
14.152831	0.838515
14.182837	0.838602
14.212843	0.838688
14.242849	0.838774
14.272855	0.838860
14.302861	0.838946
14.332867	0.839032
14.362873	0.839118
14.392879	0.839203
14.422885	0.839289
14.452891	0.839374
14.482897	0.839460
14.512903	0.839545
14.542909	0.839631
14.572915	0.839716
14.602921	0.839801
14.632927	0.839886
14.662933	0.839972
14.692939	0.840057
14.722945	0.840142
14.752951	0.840227
14.782957	0.840312
14.812963	0.840397
14.842969	0.840482
14.872975	0.840568
14.902981	0.840653
14.932987	0.840738
14.962993	0.840823
14.992999	0.840909
15.023005	0.840994
15.053011	0.841079
15.083017	0.841165
15.113023	0.841250
15.143029	0.841336
15.173035	0.841422
15.203041	0.841507
15.233047	0.841593
15.263053	0.841679
15.293059	0.841765
15.323065	0.841851
15.353071	0.841937
15.383077	0.842023
15.413083	0.842109
15.443089	0.842196
15.473095	0.842282
15.503101	0.842368
15.533107	0.842455
15.563113	0.842542
15.593119	0.842628
15.623125	0.842715
15.653131	0.842802
15.683137	0.842888
15.713143	0.842975
15.743149	0.843062
15.773155	0.843149
15.803161	0.843236
15.833167	0.843323
15.863173	0.843410
15.893179	0.843497
15.923185	0.843584
15.953191	0.843671
15.983197	0.843758
16.013203	0.843845
16.043209	0.843932
16.073215	0.844018
16.103221	0.844105
16.133227	0.844192
16.163233	0.844279
16.193239	0.844366
16.223245	0.844452
16.253251	0.844539
16.283257	0.844625
16.313263	0.844712
16.343269	0.844798
16.373275	0.844884
16.403281	0.844970
16.433287	0.845056
16.463293	0.845142
16.493299	0.845228
16.523305	0.845314
16.553311	0.845399
16.583317	0.845485
16.613323	0.845570
16.643329	0.845656
16.673335	0.845741
16.703341	0.845826
16.733347	0.845911
16.763353	0.845995
16.793359	0.846080
16.823365	0.846164
16.853371	0.846249
16.883377	0.846333
16.913383	0.846417
16.943389	0.846501
16.973395	0.846585
17.003401	0.846669
17.033407	0.846753
17.063413	0.846836
17.093419	0.846920
17.123425	0.847003
17.153431	0.847086
17.183437	0.847170
17.213443	0.847253
17.243449	0.847336
17.273455	0.847419
17.303461	0.847502
17.333467	0.847585
17.363473	0.847668
17.393479	0.847751
17.423485	0.847834
17.453491	0.847917
17.483497	0.847999
17.513503	0.848082
17.543509	0.848165
17.573515	0.848248
17.603521	0.848331
17.633527	0.848414
17.663533	0.848496
17.693539	0.848579
17.723545	0.848662
17.753551	0.848745
17.783557	0.848828
17.813563	0.848911
17.843569	0.848995
17.873575	0.849078
17.903581	0.849161
17.933587	0.849244
17.963593	0.849328
17.993599	0.849411
18.023605	0.849495
18.053611	0.849578
18.083617	0.849662
18.113623	0.849746
18.143629	0.849830
18.173635	0.849913
18.203641	0.849997
18.233647	0.850081
18.263653	0.850165
18.293659	0.850250
18.323665	0.850334
18.353671	0.850418
18.383677	0.850502
18.413683	0.850587
18.443689	0.850671
18.473695	0.850756
18.503701	0.850840
18.533707	0.850925
18.563713	0.851009
18.593719	0.851094
18.623725	0.851178
18.653731	0.851263
18.683737	0.851348
18.713743	0.851432
18.743749	0.851517
18.773755	0.851601
18.803761	0.851686
18.833767	0.851770
18.863773	0.851855
18.893779	0.851939
18.923785	0.852024
18.953791	0.852108
18.983797	0.852192
19.013803	0.852276
19.043809	0.852361
19.073815	0.852445
19.103821	0.852528
19.133827	0.852612
19.163833	0.852696
19.193839	0.852780
19.223845	0.852863
19.253851	0.852947
19.283857	0.853030
19.313863	0.853113
19.343869	0.853196
19.373875	0.853279
19.403881	0.853362
19.433887	0.853445
19.463893	0.853527
19.493899	0.853610
19.523905	0.853692
19.553911	0.853774
19.583917	0.853857
19.613923	0.853939
19.643929	0.854020
19.673935	0.854102
19.703941	0.854184
19.733947	0.854265
19.763953	0.854347
19.793959	0.854428
19.823965	0.854509
19.853971	0.854591
19.883977	0.854672
19.913983	0.854753
19.943989	0.854834
19.973995	0.854914
20.004001	0.854995
20.034007	0.855076
20.064013	0.855157
20.094019	0.855237
20.124025	0.855318
20.154031	0.855398
20.184037	0.855479
20.214043	0.855559
20.244049	0.855640
20.274055	0.855720
20.304061	0.855801
20.334067	0.855881
20.364073	0.855962
20.394079	0.856042
20.424085	0.856123
20.454091	0.856204
20.484097	0.856284
20.514103	0.856365
20.544109	0.856446
20.574115	0.856526
20.604121	0.856607
20.634127	0.856688
20.664133	0.856769
20.694139	0.856850
20.724145	0.856931
20.754151	0.857012
20.784157	0.857093
20.814163	0.857174
20.844169	0.857256
20.874175	0.857337
20.904181	0.857419
20.934187	0.857500
20.964193	0.857582
20.994199	0.857664
21.024205	0.857745
21.054211	0.857827
21.084217	0.857909
21.114223	0.857991
21.144229	0.858073
21.174235	0.858155
21.204241	0.858237
21.234247	0.858319
21.264253	0.858401
21.294259	0.858483
21.324265	0.858566
21.354271	0.858648
21.384277	0.858730
21.414283	0.858812
21.444289	0.858894
21.474295	0.858977
21.504301	0.859059
21.534307	0.859141
21.564313	0.859223
21.594319	0.859305
21.624325	0.859387
21.654331	0.859470
21.684337	0.859552
21.714343	0.859633
21.744349	0.859715
21.774355	0.859797
21.804361	0.859879
21.834367	0.859960
21.864373	0.860042
21.894379	0.860123
21.924385	0.860205
21.954391	0.860286
21.984397	0.860367
22.014403	0.860448
22.044409	0.860529
22.074415	0.860610
22.104421	0.860691
22.134427	0.860771
22.164433	0.860852
22.194439	0.860932
22.224445	0.861012
22.254451	0.861093
22.284457	0.861172
22.314463	0.861252
22.344469	0.861332
22.374475	0.861412
22.404481	0.861491
22.434487	0.861571
22.464493	0.861650
22.494499	0.861729
22.524505	0.861808
22.554511	0.861887
22.584517	0.861966
22.614523	0.862045
22.644529	0.862124
22.674535	0.862202
22.704541	0.862281
22.734547	0.862359
22.764553	0.862438
22.794559	0.862516
22.824565	0.862594
22.854571	0.862673
22.884577	0.862751
22.914583	0.862829
22.944589	0.862907
22.974595	0.862985
23.004601	0.863064
23.034607	0.863142
23.064613	0.863220
23.094619	0.863298
23.124625	0.863376
23.154631	0.863454
23.184637	0.863533
23.214643	0.863611
23.244649	0.863689
23.274655	0.863768
23.304661	0.863846
23.334667	0.863924
23.364673	0.864003
23.394679	0.864081
23.424685	0.864160
23.454691	0.864239
23.484697	0.864317
23.514703	0.864396
23.544709	0.864475
23.574715	0.864554
23.604721	0.864633
23.634727	0.864712
23.664733	0.864791
23.694739	0.864870
23.724745	0.864950
23.754751	0.865029
23.784757	0.865108
23.814763	0.865188
23.844769	0.865267
23.874775	0.865347
23.904781	0.865427
23.934787	0.865506
23.964793	0.865586
23.994799	0.865666
24.024805	0.865746
24.054811	0.865826
24.084817	0.865905
24.114823	0.865985
24.144829	0.866065
24.174835	0.866145
24.204841	0.866225
24.234847	0.866305
24.264853	0.866385
24.294859	0.866465
24.324865	0.866544
24.354871	0.866624
24.384877	0.866704
24.414883	0.866784
24.444889	0.866863
24.474895	0.866943
24.504901	0.867022
24.534907	0.867102
24.564913	0.867181
24.594919	0.867260
24.624925	0.867340
24.654931	0.867419
24.684937	0.867498
24.714943	0.867577
24.744949	0.867655
24.774955	0.867734
24.804961	0.867813
24.834967	0.867891
24.864973	0.867970
24.894979	0.868048
24.924985	0.868126
24.954991	0.868204
24.984997	0.868282
25.015003	0.868359
25.045009	0.868437
25.075015	0.868515
25.105021	0.868592
25.135027	0.868669
25.165033	0.868746
25.195039	0.868823
25.225045	0.868900
25.255051	0.868977
25.285057	0.869054
25.315063	0.869131
25.345069	0.869207
25.375075	0.869284
25.405081	0.869360
25.435087	0.869436
25.465093	0.869512
25.495099	0.869589
25.525105	0.869665
25.555111	0.869741
25.585117	0.869817
25.615123	0.869893
25.645129	0.869969
25.675135	0.870044
25.705141	0.870120
25.735147	0.870196
25.765153	0.870272
25.795159	0.870348
25.825165	0.870424
25.855171	0.870499
25.885177	0.870575
25.915183	0.870651
25.945189	0.870727
25.975195	0.870803
26.005201	0.870879
26.035207	0.870955
26.065213	0.871031
26.095219	0.871107
26.125225	0.871183
26.155231	0.871260
26.185237	0.871336
26.215243	0.871412
26.245249	0.871489
26.275255	0.871565
26.305261	0.871642
26.335267	0.871718
26.365273	0.871795
26.395279	0.871872
26.425285	0.871949
26.455291	0.872026
26.485297	0.872103
26.515303	0.872180
26.545309	0.872257
26.575315	0.872334
26.605321	0.872411
26.635327	0.872489
26.665333	0.872566
26.695339	0.872643
26.725345	0.872721
26.755351	0.872798
26.785357	0.872876
26.815363	0.872953
26.845369	0.873031
26.875375	0.873108
26.905381	0.873186
26.935387	0.873264
26.965393	0.873341
26.995399	0.873419
27.025405	0.873496
27.055411	0.873574
27.085417	0.873651
27.115423	0.873729
27.145429	0.873806
27.175435	0.873884
27.205441	0.873961
27.235447	0.874038
27.265453	0.874115
27.295459	0.874193
27.325465	0.874270
27.355471	0.874347
27.385477	0.874423
27.415483	0.874500
27.445489	0.874577
27.475495	0.874654
27.505501	0.874730
27.535507	0.874806
27.565513	0.874883
27.595519	0.874959
27.625525	0.875035
27.655531	0.875111
27.685537	0.875186
27.715543	0.875262
27.745549	0.875338
27.775555	0.875413
27.805561	0.875488
27.835567	0.875564
27.865573	0.875639
27.895579	0.875714
27.925585	0.875788
27.955591	0.875863
27.985597	0.875938
28.015603	0.876012
28.045609	0.876087
28.075615	0.876161
28.105621	0.876235
28.135627	0.876309
28.165633	0.876383
28.195639	0.876457
28.225645	0.876531
28.255651	0.876605
28.285657	0.876679
28.315663	0.876753
28.345669	0.876826
28.375675	0.876900
28.405681	0.876973
28.435687	0.877047
28.465693	0.877121
28.495699	0.877194
28.525705	0.877268
28.555711	0.877341
28.585717	0.877415
28.615723	0.877488
28.645729	0.877562
28.675735	0.877635
28.705741	0.877709
28.735747	0.877783
28.765753	0.877856
28.795759	0.877930
28.825765	0.878004
28.855771	0.878078
28.885777	0.878152
28.915783	0.878226
28.945789	0.878300
28.975795	0.878374
29.005801	0.878448
29.035807	0.878522
29.065813	0.878596
29.095819	0.878671
29.125825	0.878745
29.155831	0.878820
29.185837	0.878894
29.215843	0.878969
29.245849	0.879044
29.275855	0.879119
29.305861	0.879193
29.335867	0.879268
29.365873	0.879343
29.395879	0.879418
29.425885	0.879493
29.455891	0.879569
29.485897	0.879644
29.515903	0.879719
29.545909	0.879794
29.575915	0.879870
29.605921	0.879945
29.635927	0.880020
29.665933	0.880095
29.695939	0.880171
29.725945	0.880246
29.755951	0.880321
29.785957	0.880397
29.815963	0.880472
29.845969	0.880547
29.875975	0.880623
29.905981	0.880698
29.935987	0.880773
29.965993	0.880848
29.995999	0.880923
30.026005	0.880998
30.056011	0.881073
30.086017	0.881147
30.116023	0.881222
30.146029	0.881297
30.176035	0.881371
30.206041	0.881446
30.236047	0.881520
30.266053	0.881594
30.296059	0.881668
30.326065	0.881742
30.356071	0.881816
30.386077	0.881890
30.416083	0.881964
30.446089	0.882037
30.476095	0.882110
30.506101	0.882184
30.536107	0.882257
30.566113	0.882330
30.596119	0.882403
30.626125	0.882476
30.656131	0.882548
30.686137	0.882621
30.716143	0.882693
30.746149	0.882765
30.776155	0.882838
30.806161	0.882910
30.836167	0.882982
30.866173	0.883054
30.896179	0.883126
30.926185	0.883197
30.956191	0.883269
30.986197	0.883341
31.016203	0.883412
31.046209	0.883484
31.076215	0.883555
31.106221	0.883627
31.136227	0.883698
31.166233	0.883769
31.196239	0.883841
31.226245	0.883912
31.256251	0.883983
31.286257	0.884054
31.316263	0.884126
31.346269	0.884197
31.376275	0.884268
31.406281	0.884339
31.436287	0.884411
31.466293	0.884482
31.496299	0.884554
31.526305	0.884625
31.556311	0.884697
31.586317	0.884768
31.616323	0.884840
31.646329	0.884911
31.676335	0.884983
31.706341	0.885055
31.736347	0.885127
31.766353	0.885199
31.796359	0.885271
31.826365	0.885343
31.856371	0.885415
31.886377	0.885487
31.916383	0.885559
31.946389	0.885632
31.976395	0.885704
32.006401	0.885777
32.036407	0.885849
32.066413	0.885922
32.096419	0.885995
32.126425	0.886068
32.156431	0.886140
32.186437	0.886213
32.216443	0.886286
32.246449	0.886359
32.276455	0.886432
32.306461	0.886505
32.336467	0.886578
32.366473	0.886652
32.396479	0.886725
32.426485	0.886798
32.456491	0.886871
32.486497	0.886944
32.516503	0.887017
32.546509	0.887090
32.576515	0.887163
32.606521	0.887236
32.636527	0.887309
32.666533	0.887382
32.696539	0.887455
32.726545	0.887528
32.756551	0.887601
32.786557	0.887674
32.816563	0.887746
32.846569	0.887819
32.876575	0.887891
32.906581	0.887964
32.936587	0.888036
32.966593	0.888108
32.996599	0.888180
33.026605	0.888252
33.056611	0.888324
33.086617	0.888396
33.116623	0.888468
33.146629	0.888539
33.176635	0.888611
33.206641	0.888682
33.236647	0.888753
33.266653	0.888824
33.296659	0.888895
33.326665	0.888966
33.356671	0.889036
33.386677	0.889107
33.416683	0.889177
33.446689	0.889248
33.476695	0.889318
33.506701	0.889388
33.536707	0.889458
33.566713	0.889528
33.596719	0.889598
33.626725	0.889667
33.656731	0.889737
33.686737	0.889806
33.716743	0.889876
33.746749	0.889945
33.776755	0.890014
33.806761	0.890084
33.836767	0.890153
33.866773	0.890222
33.896779	0.890291
33.926785	0.890360
33.956791	0.890429
33.986797	0.890498
34.016803	0.890567
34.046809	0.890637
34.076815	0.890706
34.106821	0.890775
34.136827	0.890844
34.166833	0.890913
34.196839	0.890982
34.226845	0.891051
34.256851	0.891120
34.286857	0.891190
34.316863	0.891259
34.346869	0.891328
34.376875	0.891398
34.406881	0.891467
34.436887	0.891537
34.466893	0.891606
34.496899	0.891676
34.526905	0.891746
34.556911	0.891816
34.586917	0.891885
34.616923	0.891955
34.646929	0.892025
34.676935	0.892096
34.706941	0.892166
34.736947	0.892236
34.766953	0.892307
34.796959	0.892377
34.826965	0.892447
34.856971	0.892518
34.886977	0.892589
34.916983	0.892659
34.946989	0.892730
34.976995	0.892801
35.007001	0.892872
35.037007	0.892943
35.067013	0.893014
35.097019	0.893085
35.127025	0.893156
35.157031	0.893227
35.187037	0.893298
35.217043	0.893369
35.247049	0.893440
35.277055	0.893511
35.307061	0.893582
35.337067	0.893653
35.367073	0.893723
35.397079	0.893794
35.427085	0.893865
35.457091	0.893936
35.487097	0.894007
35.517103	0.894077
35.547109	0.894148
35.577115	0.894218
35.607121	0.894289
35.637127	0.894359
35.667133	0.894430
35.697139	0.894500
35.727145	0.894570
35.757151	0.894640
35.787157	0.894709
35.817163	0.894779
35.847169	0.894849
35.877175	0.894918
35.907181	0.894988
35.937187	0.895057
35.967193	0.895126
35.997199	0.895195
36.027205	0.895264
36.057211	0.895332
36.087217	0.895401
36.117223	0.895470
36.147229	0.895538
36.177235	0.895606
36.207241	0.895674
36.237247	0.895742
36.267253	0.895810
36.297259	0.895878
36.327265	0.895946
36.357271	0.896013
36.387277	0.896081
36.417283	0.896148
36.447289	0.896215
36.477295	0.896283
36.507301	0.896350
36.537307	0.896417
36.567313	0.896484
36.597319	0.896551
36.627325	0.896618
36.657331	0.896685
36.687337	0.896752
36.717343	0.896819
36.747349	0.896886
36.777355	0.896952
36.807361	0.897019
36.837367	0.897086
36.867373	0.897153
36.897379	0.897220
36.927385	0.897287
36.957391	0.897354
36.987397	0.897421
37.017403	0.897488
37.047409	0.897555
37.077415	0.897622
37.107421	0.897689
37.137427	0.897757
37.167433	0.897824
37.197439	0.897891
37.227445	0.897959
37.257451	0.898027
37.287457	0.898094
37.317463	0.898162
37.347469	0.898230
37.377475	0.898298
37.407481	0.898366
37.437487	0.898434
37.467493	0.898502
37.497499	0.898570
37.527506	0.898638
37.557512	0.898707
37.587518	0.898775
37.617524	0.898844
37.647530	0.898912
37.677536	0.898981
37.707542	0.899049
37.737548	0.899118
37.767554	0.899187
37.797560	0.899256
37.827566	0.899325
37.857572	0.899394
37.887578	0.899463
37.917584	0.899532
37.947590	0.899600
37.977596	0.899669
38.007602	0.899738
38.037608	0.899807
38.067614	0.899876
38.097620	0.899945
38.127626	0.900014
38.157632	0.900083
38.187638	0.900152
38.217644	0.900220
38.247650	0.900289
38.277656	0.900358
38.307662	0.900426
38.337668	0.900495
38.367674	0.900563
38.397680	0.900631
38.427686	0.900699
38.457692	0.900767
38.487698	0.900835
38.517704	0.900903
38.547710	0.900971
38.577716	0.901039
38.607722	0.901106
38.637728	0.901173
38.667734	0.901241
38.697740	0.901308
38.727746	0.901375
38.757752	0.901442
38.787758	0.901508
38.817764	0.901575
38.847770	0.901642
38.877776	0.901708
38.907782	0.901774
38.937788	0.901840
38.967794	0.901906
38.997800	0.901972
39.027806	0.902038
39.057812	0.902103
39.087818	0.902169
39.117824	0.902234
39.147830	0.902300
39.177836	0.902365
39.207842	0.902430
39.237848	0.902495
39.267854	0.902560
39.297860	0.902625
39.327866	0.902690
39.357872	0.902755
39.387878	0.902820
39.417884	0.902885
39.447890	0.902950
39.477896	0.903014
39.507902	0.903079
39.537908	0.903144
39.567914	0.903209
39.597920	0.903273
39.627926	0.903338
39.657932	0.903403
39.687938	0.903468
39.717944	0.903533
39.747950	0.903597
39.777956	0.903662
39.807962	0.903727
39.837968	0.903792
39.867974	0.903858
39.897980	0.903923
39.927986	0.903988
39.957992	0.904053
39.987998	0.904119
40.018004	0.904184
40.048010	0.904250
40.078016	0.904316
40.108022	0.904381
40.138028	0.904447
40.168034	0.904513
40.198040	0.904579
40.228046	0.904645
40.258052	0.904712
40.288058	0.904778
40.318064	0.904844
40.348070	0.904911
40.378076	0.904977
40.408082	0.905044
40.438088	0.905110
40.468094	0.905177
40.498100	0.905244
40.528106	0.905311
40.558112	0.905377
40.588118	0.905444
40.618124	0.905511
40.648130	0.905578
40.678136	0.905645
40.708142	0.905712
40.738148	0.905779
40.768154	0.905846
40.798160	0.905913
40.828166	0.905980
40.858172	0.906047
40.888178	0.906114
40.918184	0.906181
40.948190	0.906247
40.978196	0.906314
41.008202	0.906381
41.038208	0.906448
41.068214	0.906514
41.098220	0.906580
41.128226	0.906647
41.158232	0.906713
41.188238	0.906779
41.218244	0.906845
41.248250	0.906911
41.278256	0.906977
41.308262	0.907043
41.338268	0.907108
41.368274	0.907174
41.398280	0.907239
41.428286	0.907304
41.458292	0.907370
41.488298	0.907434
41.518304	0.907499
41.548310	0.907564
41.578316	0.907629
41.608322	0.907693
41.638328	0.907757
41.668334	0.907821
41.698340	0.907885
41.728346	0.907949
41.758352	0.908013
41.788358	0.908077
41.818364	0.908140
41.848370	0.908204
41.878376	0.908267
41.908382	0.908330
41.938388	0.908394
41.968394	0.908457
41.998400	0.908520
42.028406	0.908583
42.058412	0.908646
42.088418	0.908708
42.118424	0.908771
42.148430	0.908834
42.178436	0.908897
42.208442	0.908959
42.238448	0.909022
42.268454	0.909085
42.298460	0.909147
42.328466	0.909210
42.358472	0.909273
42.388478	0.909336
42.418484	0.909398
42.448490	0.909461
42.478496	0.909524
42.508502	0.909587
42.538508	0.909650
42.568514	0.909713
42.598520	0.909776
42.628526	0.909839
42.658532	0.909902
42.688538	0.909965
42.718544	0.910029
42.748550	0.910092
42.778556	0.910155
42.808562	0.910219
42.838568	0.910283
42.868574	0.910347
42.898580	0.910410
42.928586	0.910474
42.958592	0.910539
42.988598	0.910603
43.018604	0.910667
43.048610	0.910731
43.078616	0.910796
43.108622	0.910860
43.138628	0.910925
43.168634	0.910989
43.198640	0.911054
43.228646	0.911119
43.258652	0.911184
43.288658	0.911249
43.318664	0.911314
43.348670	0.911379
43.378676	0.911444
43.408682	0.911509
43.438688	0.911574
43.468694	0.911639
43.498700	0.911704
43.528706	0.911769
43.558712	0.911834
43.588718	0.911899
43.618724	0.911964
43.648730	0.912029
43.678736	0.912094
43.708742	0.912159
43.738748	0.912224
43.768754	0.912289
43.798760	0.912353
43.828766	0.912418
43.858772	0.912482
43.888778	0.912547
43.918784	0.912611
43.948790	0.912675
43.978796	0.912740
44.008802	0.912804
44.038808	0.912867
44.068814	0.912931
44.098820	0.912995
44.128826	0.913058
44.158832	0.913122
44.188838	0.913185
44.218844	0.913248
44.248850	0.913311
44.278856	0.913374
44.308862	0.913437
44.338868	0.913499
44.368874	0.913562
44.398880	0.913624
44.428886	0.913686
44.458892	0.913748
44.488898	0.913810
44.518904	0.913872
44.548910	0.913933
44.578916	0.913995
44.608922	0.914056
44.638928	0.914118
44.668934	0.914179
44.698940	0.914240
44.728946	0.914301
44.758952	0.914362
44.788958	0.914423
44.818964	0.914484
44.848970	0.914545
44.878976	0.914605
44.908982	0.914666
44.938988	0.914727
44.968994	0.914788
44.999000	0.914848
45.029006	0.914909
45.059012	0.914970
45.089018	0.915030
45.119024	0.915091
45.149030	0.915152
45.179036	0.915212
45.209042	0.915273
45.239048	0.915334
45.269054	0.915395
45.299060	0.915456
45.329066	0.915517
45.359072	0.915578
45.389078	0.915639
45.419084	0.915700
45.449090	0.915761
45.479096	0.915823
45.509102	0.915884
45.539108	0.915946
45.569114	0.916008
45.599120	0.916069
45.629126	0.916131
45.659132	0.916193
45.689138	0.916255
45.719144	0.916318
45.749150	0.916380
45.779156	0.916442
45.809162	0.916505
45.839168	0.916567
45.869174	0.916630
45.899180	0.916693
45.929186	0.916755
45.959192	0.916818
45.989198	0.916881
46.019204	0.916944
46.049210	0.917007
46.079216	0.917071
46.109222	0.917134
46.139228	0.917197
46.169234	0.917260
46.199240	0.917323
46.229246	0.917387
46.259252	0.917450
46.289258	0.917513
46.319264	0.917576
46.349270	0.917640
46.379276	0.917703
46.409282	0.917766
46.439288	0.917829
46.469294	0.917892
46.499300	0.917955
46.529306	0.918018
46.559312	0.918081
46.589318	0.918144
46.619324	0.918207
46.649330	0.918269
46.679336	0.918332
46.709342	0.918394
46.739348	0.918456
46.769354	0.918518
46.799360	0.918580
46.829366	0.918642
46.859372	0.918704
46.889378	0.918766
46.919384	0.918827
46.949390	0.918889
46.979396	0.918950
47.009402	0.919011
47.039408	0.919072
47.069414	0.919133
47.099420	0.919193
47.129426	0.919254
47.159432	0.919314
47.189438	0.919374
47.219444	0.919434
47.249450	0.919494
47.279456	0.919554
47.309462	0.919614
47.339468	0.919673
47.369474	0.919733
47.399480	0.919792
47.429486	0.919851
47.459492	0.919911
47.489498	0.919970
47.519504	0.920029
47.549510	0.920088
47.579516	0.920146
47.609522	0.920205
47.639528	0.920264
47.669534	0.920323
47.699540	0.920382
47.729546	0.920440
47.759552	0.920499
47.789558	0.920558
47.819564	0.920616
47.849570	0.920675
47.879576	0.920734
47.909582	0.920792
47.939588	0.920851
47.969594	0.920910
47.999600	0.920969
48.029606	0.921028
48.059612	0.921087
48.089618	0.921146
48.119624	0.921205
48.149630	0.921264
48.179636	0.921324
48.209642	0.921383
48.239648	0.921443
48.269654	0.921502
48.299660	0.921562
48.329666	0.921622
48.359672	0.921682
48.389678	0.921742
48.419684	0.921802
48.449690	0.921862
48.479696	0.921923
48.509702	0.921983
48.539708	0.922044
48.569714	0.922104
48.599720	0.922165
48.629726	0.922226
48.659732	0.922287
48.689738	0.922348
48.719744	0.922409
48.749750	0.922470
48.779756	0.922532
48.809762	0.922593
48.839768	0.922654
48.869774	0.922716
48.899780	0.922777
48.929786	0.922839
48.959792	0.922900
48.989798	0.922962
49.019804	0.923023
49.049810	0.923085
49.079816	0.923146
49.109822	0.923208
49.139828	0.923269
49.169834	0.923331
49.199840	0.923392
49.229846	0.923454
49.259852	0.923515
49.289858	0.923576
49.319864	0.923637
49.349870	0.923698
49.379876	0.923759
49.409882	0.923820
49.439888	0.923881
49.469894	0.923941
49.499900	0.924002
49.529906	0.924062
49.559912	0.924122
49.589918	0.924182
49.619924	0.924242
49.649930	0.924302
49.679936	0.924362
49.709942	0.924421
49.739948	0.924481
49.769954	0.924540
49.799960	0.924599
49.829966	0.924658
49.859972	0.924717
49.889978	0.924775
49.919984	0.924834
49.949990	0.924892
49.979996	0.924950
50.010002	0.925008
50.040008	0.925066
50.070014	0.925124
50.100020	0.925182
50.130026	0.925239
50.160032	0.925297
50.190038	0.925354
50.220044	0.925411
50.250050	0.925468
50.280056	0.925525
50.310062	0.925582
50.340068	0.925639
50.370074	0.925696
50.400080	0.925753
50.430086	0.925810
50.460092	0.925867
50.490098	0.925923
50.520104	0.925980
50.550110	0.926037
50.580116	0.926094
50.610122	0.926150
50.640128	0.926207
50.670134	0.926264
50.700140	0.926321
50.730146	0.926378
50.760152	0.926435
50.790158	0.926492
50.820164	0.926549
50.850170	0.926606
50.880176	0.926664
50.910182	0.926721
50.940188	0.926779
50.970194	0.926836
51.000200	0.926894
51.030206	0.926952
51.060212	0.927010
51.090218	0.927068
51.120224	0.927126
51.150230	0.927184
51.180236	0.927243
51.210242	0.927301
51.240248	0.927360
51.270254	0.927418
51.300260	0.927477
51.330266	0.927536
51.360272	0.927595
51.390278	0.927654
51.420284	0.927714
51.450290	0.927773
51.480296	0.927833
51.510302	0.927892
51.540308	0.927952
51.570314	0.928011
51.600320	0.928071
51.630326	0.928131
51.660332	0.928191
51.690338	0.928250
51.720344	0.928310
51.750350	0.928370
51.780356	0.928430
51.810362	0.928490
51.840368	0.928550
51.870374	0.928610
51.900380	0.928670
51.930386	0.928729
51.960392	0.928789
51.990398	0.928849
52.020404	0.928908
52.050410	0.928968
52.080416	0.929027
52.110422	0.929087
52.140428	0.929146
52.170434	0.929205
52.200440	0.929264
52.230446	0.929323
52.260452	0.929382
52.290458	0.929440
52.320464	0.929499
52.350470	0.929557
52.380476	0.929616
52.410482	0.929674
52.440488	0.929731
52.470494	0.929789
52.500500	0.929847
52.530506	0.929904
52.560512	0.929961
52.590518	0.930019
52.620524	0.930075
52.650530	0.930132
52.680536	0.930189
52.710542	0.930245
52.740548	0.930302
52.770554	0.930358
52.800560	0.930414
52.830566	0.930470
52.860572	0.930526
52.890578	0.930581
52.920584	0.930637
52.950590	0.930692
52.980596	0.930748
53.010602	0.930803
53.040608	0.930858
53.070614	0.930913
53.100620	0.930968
53.130626	0.931023
53.160632	0.931078
53.190638	0.931133
53.220644	0.931188
53.250650	0.931243
53.280656	0.931298
53.310662	0.931353
53.340668	0.931407
53.370674	0.931462
53.400680	0.931517
53.430686	0.931572
53.460692	0.931627
53.490698	0.931682
53.520704	0.931738
53.550710	0.931793
53.580716	0.931848
53.610722	0.931904
53.640728	0.931959
53.670734	0.932015
53.700740	0.932070
53.730746	0.932126
53.760752	0.932182
53.790758	0.932238
53.820764	0.932294
53.850770	0.932351
53.880776	0.932407
53.910782	0.932464
53.940788	0.932520
53.970794	0.932577
54.000800	0.932634
54.030806	0.932691
54.060812	0.932749
54.090818	0.932806
54.120824	0.932863
54.150830	0.932921
54.180836	0.932979
54.210842	0.933036
54.240848	0.933094
54.270854	0.933152
54.300860	0.933210
54.330866	0.933268
54.360872	0.933326
54.390878	0.933384
54.420884	0.933443
54.450890	0.933501
54.480896	0.933559
54.510902	0.933618
54.540908	0.933676
54.570914	0.933734
54.600920	0.933793
54.630926	0.933851
54.660932	0.933909
54.690938	0.933967
54.720944	0.934026
54.750950	0.934084
54.780956	0.934142
54.810962	0.934200
54.840968	0.934257
54.870974	0.934315
54.900980	0.934373
54.930986	0.934430
54.960992	0.934488
54.990998	0.934545
55.021004	0.934602
55.051010	0.934659
55.081016	0.934716
55.111022	0.934773
55.141028	0.934829
55.171034	0.934886
55.201040	0.934942
55.231046	0.934998
55.261052	0.935054
55.291058	0.935109
55.321064	0.935165
55.351070	0.935220
55.381076	0.935275
55.411082	0.935330
55.441088	0.935385
55.471094	0.935440
55.501100	0.935494
55.531106	0.935549
55.561112	0.935603
55.591118	0.935657
55.621124	0.935711
55.651130	0.935765
55.681136	0.935819
55.711142	0.935872
55.741148	0.935926
55.771154	0.935979
55.801160	0.936032
55.831166	0.936086
55.861172	0.936139
55.891178	0.936192
55.921184	0.936245
55.951190	0.936298
55.981196	0.936351
56.011202	0.936404
56.041208	0.936457
56.071214	0.936510
56.101220	0.936563
56.131226	0.936616
56.161232	0.936669
56.191238	0.936722
56.221244	0.936776
56.251250	0.936829
56.281256	0.936882
56.311262	0.936936
56.341268	0.936989
56.371274	0.937043
56.401280	0.937097
56.431286	0.937151
56.461292	0.937205
56.491298	0.937259
56.521304	0.937313
56.551310	0.937367
56.581316	0.937422
56.611322	0.937476
56.641328	0.937531
56.671334	0.937586
56.701340	0.937641
56.731346	0.937696
56.761352	0.937752
56.791358	0.937807
56.821364	0.937863
56.851370	0.937919
56.881376	0.937975
56.911382	0.938031
56.941388	0.938087
56.971394	0.938143
57.001400	0.938199
57.031406	0.938256
57.061412	0.938312
57.091418	0.938369
57.121424	0.938425
57.151430	0.938482
57.181436	0.938539
57.211442	0.938596
57.241448	0.938652
57.271454	0.938709
57.301460	0.938766
57.331466	0.938823
57.361472	0.938880
57.391478	0.938937
57.421484	0.938993
57.451490	0.939050
57.481496	0.939107
57.511502	0.939163
57.541508	0.939220
57.571514	0.939276
57.601520	0.939333
57.631526	0.939389
57.661532	0.939445
57.691538	0.939501
57.721544	0.939557
57.751550	0.939613
57.781556	0.939668
57.811562	0.939723
57.841568	0.939779
57.871574	0.939834
57.901580	0.939889
57.931586	0.939943
57.961592	0.939998
57.991598	0.940052
58.021604	0.940106
58.051610	0.940160
58.081616	0.940214
58.111622	0.940268
58.141628	0.940321
58.171634	0.940375
58.201640	0.940428
58.231646	0.940481
58.261652	0.940533
58.291658	0.940586
58.321664	0.940638
58.351670	0.940691
58.381676	0.940743
58.411682	0.940795
58.441688	0.940847
58.471694	0.940899
58.501700	0.940950
58.531706	0.941002
58.561712	0.941053
58.591718	0.941105
58.621724	0.941156
58.651730	0.941207
58.681736	0.941259
58.711742	0.941310
58.741748	0.941361
58.771754	0.941412
58.801760	0.941463
58.831766	0.941514
58.861772	0.941566
58.891778	0.941617
58.921784	0.941668
58.951790	0.941720
58.981796	0.941771
59.011802	0.941823
59.041808	0.941874
59.071814	0.941926
59.101820	0.941978
59.131826	0.942030
59.161832	0.942082
59.191838	0.942134
59.221844	0.942186
59.251850	0.942239
59.281856	0.942291
59.311862	0.942344
59.341868	0.942397
59.371874	0.942450
59.401880	0.942503
59.431886	0.942556
59.461892	0.942610
59.491898	0.942663
59.521904	0.942717
59.551910	0.942771
59.581916	0.942825
59.611922	0.942880
59.641928	0.942934
59.671934	0.942988
59.701940	0.943043
59.731946	0.943098
59.761952	0.943153
59.791958	0.943208
59.821964	0.943263
59.851970	0.943318
59.881976	0.943373
59.911982	0.943428
59.941988	0.943484
59.971994	0.943539
60.002000	0.943595
60.032006	0.943650
60.062012	0.943706
60.092018	0.943761
60.122024	0.943816
60.152030	0.943872
60.182036	0.943927
60.212042	0.943983
60.242048	0.944038
60.272054	0.944093
60.302060	0.944148
60.332066	0.944203
60.362072	0.944258
60.392078	0.944313
60.422084	0.944367
60.452090	0.944422
60.482096	0.944476
60.512102	0.944530
60.542108	0.944584
60.572114	0.944638
60.602120	0.944692
60.632126	0.944745
60.662132	0.944799
60.692138	0.944852
60.722144	0.944905
60.752150	0.944958
60.782156	0.945010
60.812162	0.945063
60.842168	0.945115
60.872174	0.945167
60.902180	0.945218
60.932186	0.945270
60.962192	0.945321
60.992198	0.945373
61.022204	0.945424
61.052210	0.945474
61.082216	0.945525
61.112222	0.945576
61.142228	0.945626
61.172234	0.945676
61.202240	0.945726
61.232246	0.945776
61.262252	0.945826
61.292258	0.945876
61.322264	0.945925
61.352270	0.945975
61.382276	0.946025
61.412282	0.946074
61.442288	0.946123
61.472294	0.946173
61.502300	0.946222
61.532306	0.946272
61.562312	0.946321
61.592318	0.946370
61.622324	0.946420
61.652330	0.946469
61.682336	0.946519
61.712342	0.946568
61.742348	0.946618
61.772354	0.946668
61.802360	0.946718
61.832366	0.946768
61.862372	0.946818
61.892378	0.946868
61.922384	0.946918
61.952390	0.946969
61.982396	0.947019
62.012402	0.947070
62.042408	0.947121
62.072414	0.947172
62.102420	0.947224
62.132426	0.947275
62.162432	0.947327
62.192438	0.947378
62.222444	0.947430
62.252450	0.947483
62.282456	0.947535
62.312462	0.947587
62.342468	0.947640
62.372474	0.947693
62.402480	0.947746
62.432486	0.947799
62.462492	0.947852
62.492498	0.947906
62.522505	0.947959
62.552511	0.948013
62.582517	0.948066
62.612523	0.948120
62.642529	0.948174
62.672535	0.948228
62.702541	0.948282
62.732547	0.948336
62.762553	0.948390
62.792559	0.948444
62.822565	0.948499
62.852571	0.948553
62.882577	0.948607
62.912583	0.948661
62.942589	0.948715
62.972595	0.948769
63.002601	0.948823
63.032607	0.948877
63.062613	0.948930
63.092619	0.948984
63.122625	0.949038
63.152631	0.949091
63.182637	0.949144
63.212643	0.949197
63.242649	0.949250
63.272655	0.949303
63.302661	0.949356
63.332667	0.949408
63.362673	0.949460
63.392679	0.949512
63.422685	0.949564
63.452691	0.949616
63.482697	0.949667
63.512703	0.949718
63.542709	0.949769
63.572715	0.949820
63.602721	0.949870
63.632727	0.949921
63.662733	0.949971
63.692739	0.950021
63.722745	0.950070
63.752751	0.950120
63.782757	0.950169
63.812763	0.950218
63.842769	0.950267
63.872775	0.950316
63.902781	0.950364
63.932787	0.950413
63.962793	0.950461
63.992799	0.950509
64.022805	0.950557
64.052811	0.950605
64.082817	0.950653
64.112823	0.950701
64.142829	0.950749
64.172835	0.950796
64.202841	0.950844
64.232847	0.950891
64.262853	0.950939
64.292859	0.950986
64.322865	0.951034
64.352871	0.951082
64.382877	0.951129
64.412883	0.951177
64.442889	0.951225
64.472895	0.951272
64.502901	0.951320
64.532907	0.951368
64.562913	0.951417
64.592919	0.951465
64.622925	0.951513
64.652931	0.951562
64.682937	0.951610
64.712943	0.951659
64.742949	0.951708
64.772955	0.951757
64.802961	0.951807
64.832967	0.951856
64.862973	0.951906
64.892979	0.951956
64.922985	0.952006
64.952991	0.952057
64.982997	0.952107
65.013003	0.952158
65.043009	0.952209
65.073015	0.952260
65.103021	0.952311
65.133027	0.952362
65.163033	0.952414
65.193039	0.952466
65.223045	0.952518
65.253051	0.952570
65.283057	0.952622
65.313063	0.952674
65.343069	0.952727
65.373075	0.952779
65.403081	0.952832
65.433087	0.952885
65.463093	0.952938
65.493099	0.952990
65.523105	0.953043
65.553111	0.953096
65.583117	0.953149
65.613123	0.953202
65.643129	0.953255
65.673135	0.953308
65.703141	0.953360
65.733147	0.953413
65.763153	0.953466
65.793159	0.953518
65.823165	0.953571
65.853171	0.953623
65.883177	0.953675
65.913183	0.953728
65.943189	0.953779
65.973195	0.953831
66.003201	0.953883
66.033207	0.953934
66.063213	0.953985
66.093219	0.954036
66.123225	0.954087
66.153231	0.954138
66.183237	0.954188
66.213243	0.954238
66.243249	0.954288
66.273255	0.954338
66.303261	0.954387
66.333267	0.954436
66.363273	0.954485
66.393279	0.954534
66.423285	0.954582
66.453291	0.954630
66.483297	0.954678
66.513303	0.954726
66.543309	0.954774
66.573315	0.954821
66.603321	0.954868
66.633327	0.954915
66.663333	0.954962
66.693339	0.955009
66.723345	0.955055
66.753351	0.955102
66.783357	0.955148
66.813363	0.955194
66.843369	0.955240
66.873375	0.955286
66.903381	0.955332
66.933387	0.955378
66.963393	0.955423
66.993399	0.955469
67.023405	0.955515
67.053411	0.955560
67.083417	0.955606
67.113423	0.955652
67.143429	0.955698
67.173435	0.955744
67.203441	0.955790
67.233447	0.955836
67.263453	0.955882
67.293459	0.955928
67.323465	0.955975
67.353471	0.956021
67.383477	0.956068
67.413483	0.956115
67.443489	0.956162
67.473495	0.956209
67.503501	0.956256
67.533507	0.956304
67.563513	0.956352
67.593519	0.956400
67.623525	0.956448
67.653531	0.956497
67.683537	0.956545
67.713543	0.956594
67.743549	0.956643
67.773555	0.956693
67.803561	0.956742
67.833567	0.956792
67.863573	0.956842
67.893579	0.956892
67.923585	0.956942
67.953591	0.956993
67.983597	0.957043
68.013603	0.957094
68.043609	0.957145
68.073615	0.957196
68.103621	0.957248
68.133627	0.957299
68.163633	0.957350
68.193639	0.957402
68.223645	0.957454
68.253651	0.957505
68.283657	0.957557
68.313663	0.957609
68.343669	0.957661
68.373675	0.957712
68.403681	0.957764
68.433687	0.957816
68.463693	0.957867
68.493699	0.957919
68.523705	0.957970
68.553711	0.958022
68.583717	0.958073
68.613723	0.958124
68.643729	0.958175
68.673735	0.958226
68.703741	0.958277
68.733747	0.958327
68.763753	0.958377
68.793759	0.958427
68.823765	0.958477
68.853771	0.958527
68.883777	0.958576
68.913783	0.958625
68.943789	0.958674
68.973795	0.958723
69.003801	0.958771
69.033807	0.958819
69.063813	0.958867
69.093819	0.958915
69.123825	0.958962
69.153831	0.959009
69.183837	0.959056
69.213843	0.959103
69.243849	0.959149
69.273855	0.959195
69.303861	0.959241
69.333867	0.959287
69.363873	0.959332
69.393879	0.959377
69.423885	0.959422
69.453891	0.959467
69.483897	0.959512
69.513903	0.959556
69.543909	0.959601
69.573915	0.959645
69.603921	0.959689
69.633927	0.959733
69.663933	0.959777
69.693939	0.959821
69.723945	0.959865
69.753951	0.959909
69.783957	0.959953
69.813963	0.959996
69.843969	0.960040
69.873975	0.960084
69.903981	0.960128
69.933987	0.960172
69.963993	0.960217
69.993999	0.960261
70.024005	0.960305
70.054011	0.960350
70.084017	0.960394
70.114023	0.960439
70.144029	0.960484
70.174035	0.960530
70.204041	0.960575
70.234047	0.960621
70.264053	0.960666
70.294059	0.960712
70.324065	0.960759
70.354071	0.960805
70.384077	0.960852
70.414083	0.960899
70.444089	0.960946
70.474095	0.960994
70.504101	0.961042
70.534107	0.961090
70.564113	0.961138
70.594119	0.961186
70.624125	0.961235
70.654131	0.961284
70.684137	0.961333
70.714143	0.961382
70.744149	0.961432
70.774155	0.961481
70.804161	0.961531
70.834167	0.961581
70.864173	0.961631
70.894179	0.961682
70.924185	0.961732
70.954191	0.961782
70.984197	0.961833
71.014203	0.961884
71.044209	0.961934
71.074215	0.961985
71.104221	0.962036
71.134227	0.962086
71.164233	0.962137
71.194239	0.962188
71.224245	0.962238
71.254251	0.962289
71.284257	0.962339
71.314263	0.962389
71.344269	0.962440
71.374275	0.962490
71.404281	0.962539
71.434287	0.962589
71.464293	0.962639
71.494299	0.962688
71.524305	0.962737
71.554311	0.962786
71.584317	0.962834
71.614323	0.962882
71.644329	0.962930
71.674335	0.962978
71.704341	0.963026
71.734347	0.963073
71.764353	0.963120
71.794359	0.963166
71.824365	0.963213
71.854371	0.963259
71.884377	0.963305
71.914383	0.963350
71.944389	0.963395
71.974395	0.963440
72.004401	0.963485
72.034407	0.963529
72.064413	0.963573
72.094419	0.963617
72.124425	0.963661
72.154431	0.963704
72.184437	0.963747
72.214443	0.963790
72.244449	0.963833
72.274455	0.963876
72.304461	0.963918
72.334467	0.963961
72.364473	0.964003
72.394479	0.964045
72.424485	0.964087
72.454491	0.964129
72.484497	0.964171
72.514503	0.964213
72.544509	0.964255
72.574515	0.964297
72.604521	0.964339
72.634527	0.964381
72.664533	0.964423
72.694539	0.964466
72.724545	0.964508
72.754551	0.964550
72.784557	0.964593
72.814563	0.964636
72.844569	0.964679
72.874575	0.964722
72.904581	0.964765
72.934587	0.964809
72.964593	0.964852
72.994599	0.964896
73.024605	0.964941
73.054611	0.964985
73.084617	0.965030
73.114623	0.965075
73.144629	0.965120
73.174635	0.965166
73.204641	0.965212
73.234647	0.965258
73.264653	0.965304
73.294659	0.965351
73.324665	0.965398
73.354671	0.965445
73.384677	0.965493
73.414683	0.965540
73.444689	0.965588
73.474695	0.965637
73.504701	0.965685
73.534707	0.965734
73.564713	0.965782
73.594719	0.965831
73.624725	0.965881
73.654731	0.965930
73.684737	0.965979
73.714743	0.966029
73.744749	0.966078
73.774755	0.966128
73.804761	0.966178
73.834767	0.966227
73.864773	0.966277
73.894779	0.966327
73.924785	0.966377
73.954791	0.966426
73.984797	0.966476
74.014803	0.966525
74.044809	0.966575
74.074815	0.966624
74.104821	0.966673
74.134827	0.966722
74.164833	0.966771
74.194839	0.966819
74.224845	0.966868
74.254851	0.966916
74.284857	0.966964
74.314863	0.967011
74.344869	0.967058
74.374875	0.967105
74.404881	0.967152
74.434887	0.967199
74.464893	0.967245
74.494899	0.967291
74.524905	0.967336
74.554911	0.967381
74.584917	0.967426
74.614923	0.967470
74.644929	0.967515
74.674935	0.967558
74.704941	0.967602
74.734947	0.967645
74.764953	0.967688
74.794959	0.967731
74.824965	0.967773
74.854971	0.967815
74.884977	0.967857
74.914983	0.967899
74.944989	0.967940
74.974995	0.967981
75.005001	0.968022
75.035007	0.968063
75.065013	0.968103
75.095019	0.968144
75.125025	0.968184
75.155031	0.968224
75.185037	0.968264
75.215043	0.968304
75.245049	0.968344
75.275055	0.968384
75.305061	0.968424
75.335067	0.968464
75.365073	0.968504
75.395079	0.968545
75.425085	0.968585
75.455091	0.968625
75.485097	0.968666
75.515103	0.968706
75.545109	0.968747
75.575115	0.968788
75.605121	0.968829
75.635127	0.968870
75.665133	0.968912
75.695139	0.968954
75.725145	0.968996
75.755151	0.969038
75.785157	0.969081
75.815163	0.969124
75.845169	0.969167
75.875175	0.969211
75.905181	0.969255
75.935187	0.969299
75.965193	0.969344
75.995199	0.969388
76.025205	0.969434
76.055211	0.969479
76.085217	0.969525
76.115223	0.969571
76.145229	0.969617
76.175235	0.969664
76.205241	0.969711
76.235247	0.969758
76.265253	0.969805
76.295259	0.969853
76.325265	0.969901
76.355271	0.969949
76.385277	0.969997
76.415283	0.970045
76.445289	0.970094
76.475295	0.970143
76.505301	0.970191
76.535307	0.970240
76.565313	0.970289
76.595319	0.970338
76.625325	0.970387
76.655331	0.970436
76.685337	0.970485
76.715343	0.970533
76.745349	0.970582
76.775355	0.970631
76.805361	0.970679
76.835367	0.970727
76.865373	0.970776
76.895379	0.970824
76.925385	0.970871
76.955391	0.970919
76.985397	0.970966
77.015403	0.971013
77.045409	0.971060
77.075415	0.971106
77.105421	0.971152
77.135427	0.971198
77.165433	0.971244
77.195439	0.971289
77.225445	0.971333
77.255451	0.971378
77.285457	0.971422
77.315463	0.971465
77.345469	0.971509
77.375475	0.971552
77.405481	0.971594
77.435487	0.971637
77.465493	0.971678
77.495499	0.971720
77.525505	0.971761
77.555511	0.971802
77.585517	0.971842
77.615523	0.971883
77.645529	0.971923
77.675535	0.971962
77.705541	0.972002
77.735547	0.972041
77.765553	0.972080
77.795559	0.972118
77.825565	0.972157
77.855571	0.972195
77.885577	0.972234
77.915583	0.972272
77.945589	0.972310
77.975595	0.972348
78.005601	0.972386
78.035607	0.972424
78.065613	0.972462
78.095619	0.972500
78.125625	0.972538
78.155631	0.972576
78.185637	0.972614
78.215643	0.972652
78.245649	0.972691
78.275655	0.972730
78.305661	0.972768
78.335667	0.972808
78.365673	0.972847
78.395679	0.972887
78.425685	0.972926
78.455691	0.972967
78.485697	0.973007
78.515703	0.973048
78.545709	0.973089
78.575715	0.973130
78.605721	0.973172
78.635727	0.973214
78.665733	0.973257
78.695739	0.973300
78.725745	0.973343
78.755751	0.973386
78.785757	0.973430
78.815763	0.973475
78.845769	0.973519
78.875775	0.973564
78.905781	0.973609
78.935787	0.973655
78.965793	0.973701
78.995799	0.973747
79.025805	0.973794
79.055811	0.973840
79.085817	0.973887
79.115823	0.973935
79.145829	0.973982
79.175835	0.974030
79.205841	0.974077
79.235847	0.974125
79.265853	0.974173
79.295859	0.974221
79.325865	0.974270
79.355871	0.974318
79.385877	0.974366
79.415883	0.974414
79.445889	0.974462
79.475895	0.974510
79.505901	0.974558
79.535907	0.974606
79.565913	0.974654
79.595919	0.974701
79.625925	0.974748
79.655931	0.974796
79.685937	0.974842
79.715943	0.974889
79.745949	0.974935
79.775955	0.974981
79.805961	0.975027
79.835967	0.975072
79.865973	0.975117
79.895979	0.975162
79.925985	0.975206
79.955991	0.975250
79.985997	0.975293
80.016003	0.975336
80.046009	0.975379
80.076015	0.975421
80.106021	0.975463
80.136027	0.975504
80.166033	0.975545
80.196039	0.975586
80.226045	0.975626
80.256051	0.975666
80.286057	0.975705
80.316063	0.975744
80.346069	0.975783
80.376075	0.975821
80.406081	0.975859
80.436087	0.975896
80.466093	0.975934
80.496099	0.975971
80.526105	0.976008
80.556111	0.976044
80.586117	0.976081
80.616123	0.976117
80.646129	0.976153
80.676135	0.976189
80.706141	0.976225
80.736147	0.976261
80.766153	0.976297
80.796159	0.976332
80.826165	0.976368
80.856171	0.976404
80.886177	0.976440
80.916183	0.976476
80.946189	0.976512
80.976195	0.976548
81.006201	0.976585
81.036207	0.976622
81.066213	0.976658
81.096219	0.976696
81.126225	0.976733
81.156231	0.976771
81.186237	0.976809
81.216243	0.976847
81.246249	0.976886
81.276255	0.976925
81.306261	0.976965
81.336267	0.977005
81.366273	0.977045
81.396279	0.977086
81.426285	0.977127
81.456291	0.977168
81.486297	0.977210
81.516303	0.977253
81.546309	0.977295
81.576315	0.977338
81.606321	0.977382
81.636327	0.977426
81.666333	0.977470
81.696339	0.977515
81.726345	0.977560
81.756351	0.977605
81.786357	0.977651
81.816363	0.977697
81.846369	0.977743
81.876375	0.977790
81.906381	0.977837
81.936387	0.977884
81.966393	0.977931
81.996399	0.977978
82.026405	0.978025
82.056411	0.978073
82.086417	0.978120
82.116423	0.978168
82.146429	0.978216
82.176435	0.978263
82.206441	0.978311
82.236447	0.978358
82.266453	0.978405
82.296459	0.978453
82.326465	0.978500
82.356471	0.978546
82.386477	0.978593
82.416483	0.978639
82.446489	0.978685
82.476495	0.978731
82.506501	0.978777
82.536507	0.978822
82.566513	0.978866
82.596519	0.978911
82.626525	0.978954
82.656531	0.978998
82.686537	0.979041
82.716543	0.979083
82.746549	0.979126
82.776555	0.979167
82.806561	0.979208
82.836567	0.979249
82.866573	0.979289
82.896579	0.979329
82.926585	0.979368
82.956591	0.979407
82.986597	0.979445
83.016603	0.979483
83.046609	0.979521
83.076615	0.979558
83.106621	0.979595
83.136627	0.979631
83.166633	0.979667
83.196639	0.979702
83.226645	0.979737
83.256651	0.979772
83.286657	0.979807
83.316663	0.979841
83.346669	0.979875
83.376675	0.979909
83.406681	0.979943
83.436687	0.979977
83.466693	0.980010
83.496699	0.980044
83.526705	0.980077
83.556711	0.980111
83.586717	0.980144
83.616723	0.980178
83.646729	0.980212
83.676735	0.980245
83.706741	0.980279
83.736747	0.980314
83.766753	0.980348
83.796759	0.980382
83.826765	0.980417
83.856771	0.980453
83.886777	0.980488
83.916783	0.980524
83.946789	0.980560
83.976795	0.980597
84.006801	0.980634
84.036807	0.980671
84.066813	0.980709
84.096819	0.980747
84.126825	0.980786
84.156831	0.980825
84.186837	0.980865
84.216843	0.980905
84.246849	0.980946
84.276855	0.980987
84.306861	0.981029
84.336867	0.981071
84.366873	0.981114
84.396879	0.981157
84.426885	0.981200
84.456891	0.981244
84.486897	0.981288
84.516903	0.981333
84.546909	0.981378
84.576915	0.981423
84.606921	0.981469
84.636927	0.981515
84.666933	0.981561
84.696939	0.981608
84.726945	0.981654
84.756951	0.981701
84.786957	0.981748
84.816963	0.981795
84.846969	0.981842
84.876975	0.981889
84.906981	0.981937
84.936987	0.981984
84.966993	0.982031
84.996999	0.982078
85.027005	0.982125
85.057011	0.982172
85.087017	0.982218
85.117023	0.982264
85.147029	0.982310
85.177035	0.982356
85.207041	0.982401
85.237047	0.982446
85.267053	0.982491
85.297059	0.982535
85.327065	0.982579
85.357071	0.982622
85.387077	0.982665
85.417083	0.982707
85.447089	0.982749
85.477095	0.982791
85.507101	0.982831
85.537107	0.982872
85.567113	0.982911
85.597119	0.982950
85.627125	0.982989
85.657131	0.983027
85.687137	0.983065
85.717143	0.983102
85.747149	0.983138
85.777155	0.983174
85.807161	0.983210
85.837167	0.983245
85.867173	0.983279
85.897179	0.983313
85.927185	0.983347
85.957191	0.983380
85.987197	0.983413
86.017203	0.983446
86.047209	0.983478
86.077215	0.983510
86.107221	0.983542
86.137227	0.983573
86.167233	0.983604
86.197239	0.983636
86.227245	0.983667
86.257251	0.983698
86.287257	0.983729
86.317263	0.983760
86.347269	0.983791
86.377275	0.983822
86.407281	0.983853
86.437287	0.983885
86.467293	0.983916
86.497299	0.983948
86.527305	0.983980
86.557311	0.984012
86.587317	0.984045
86.617323	0.984078
86.647329	0.984111
86.677335	0.984145
86.707341	0.984180
86.737347	0.984214
86.767353	0.984250
86.797359	0.984285
86.827365	0.984321
86.857371	0.984358
86.887377	0.984396
86.917383	0.984433
86.947389	0.984472
86.977395	0.984511
87.007401	0.984550
87.037407	0.984590
87.067413	0.984631
87.097419	0.984672
87.127425	0.984714
87.157431	0.984756
87.187437	0.984799
87.217443	0.984842
87.247449	0.984885
87.277455	0.984930
87.307461	0.984974
87.337467	0.985019
87.367473	0.985064
87.397479	0.985110
87.427485	0.985156
87.457491	0.985202
87.487497	0.985248
87.517504	0.985295
87.547510	0.985342
87.577516	0.985389
87.607522	0.985436
87.637528	0.985483
87.667534	0.985530
87.697540	0.985577
87.727546	0.985623
87.757552	0.985670
87.787558	0.985717
87.817564	0.985763
87.847570	0.985809
87.877576	0.985855
87.907582	0.985901
87.937588	0.985946
87.967594	0.985991
87.997600	0.986035
88.027606	0.986079
88.057612	0.986122
88.087618	0.986165
88.117624	0.986208
88.147630	0.986250
88.177636	0.986291
88.207642	0.986332
88.237648	0.986372
88.267654	0.986411
88.297660	0.986450
88.327666	0.986489
88.357672	0.986526
88.387678	0.986563
88.417684	0.986599
88.447690	0.986635
88.477696	0.986670
88.507702	0.986705
88.537708	0.986739
88.567714	0.986772
88.597720	0.986805
88.627726	0.986837
88.657732	0.986869
88.687738	0.986900
88.717744	0.986931
88.747750	0.986962
88.777756	0.986992
88.807762	0.987021
88.837768	0.987051
88.867774	0.987080
88.897780	0.987108
88.927786	0.987137
88.957792	0.987166
88.987798	0.987194
89.017804	0.987222
89.047810	0.987250
89.077816	0.987279
89.107822	0.987307
89.137828	0.987336
89.167834	0.987364
89.197840	0.987393
89.227846	0.987422
89.257852	0.987451
89.287858	0.987481
89.317864	0.987511
89.347870	0.987541
89.377876	0.987572
89.407882	0.987603
89.437888	0.987635
89.467894	0.987667
89.497900	0.987700
89.527906	0.987733
89.557912	0.987767
89.587918	0.987802
89.617924	0.987837
89.647930	0.987873
89.677936	0.987909
89.707942	0.987946
89.737948	0.987984
89.767954	0.988022
89.797960	0.988061
89.827966	0.988101
89.857972	0.988141
89.887978	0.988182
89.917984	0.988224
89.947990	0.988266
89.977996	0.988308
90.008002	0.988352
90.038008	0.988395
90.068014	0.988440
90.098020	0.988484
90.128026	0.988529
90.158032	0.988575
90.188038	0.988621
90.218044	0.988667
90.248050	0.988713
90.278056	0.988760
90.308062	0.988807
90.338068	0.988853
90.368074	0.988900
90.398080	0.988948
90.428086	0.988995
90.458092	0.989042
90.488098	0.989088
90.518104	0.989135
90.548110	0.989182
90.578116	0.989228
90.608122	0.989274
90.638128	0.989320
90.668134	0.989365
90.698140	0.989410
90.728146	0.989454
90.758152	0.989498
90.788158	0.989542
90.818164	0.989585
90.848170	0.989627
90.878176	0.989668
90.908182	0.989709
90.938188	0.989750
90.968194	0.989789
90.998200	0.989828
91.028206	0.989867
91.058212	0.989904
91.088218	0.989941
91.118224	0.989977
91.148230	0.990012
91.178236	0.990047
91.208242	0.990081
91.238248	0.990114
91.268254	0.990146
91.298260	0.990178
91.328266	0.990209
91.358272	0.990239
91.388278	0.990269
91.418284	0.990298
91.448290	0.990327
91.478296	0.990355
91.508302	0.990383
91.538308	0.990410
91.568314	0.990437
91.598320	0.990463
91.628326	0.990490
91.658332	0.990515
91.688338	0.990541
91.718344	0.990567
91.748350	0.990592
91.778356	0.990617
91.808362	0.990642
91.838368	0.990668
91.868374	0.990693
91.898380	0.990719
91.928386	0.990744
91.958392	0.990770
91.988398	0.990797
92.018404	0.990823
92.048410	0.990850
92.078416	0.990877
92.108422	0.990905
92.138428	0.990934
92.168434	0.990962
92.198440	0.990992
92.228446	0.991022
92.258452	0.991053
92.288458	0.991084
92.318464	0.991116
92.348470	0.991149
92.378476	0.991182
92.408482	0.991217
92.438488	0.991252
92.468494	0.991288
92.498500	0.991324
92.528506	0.991361
92.558512	0.991399
92.588518	0.991438
92.618524	0.991478
92.648530	0.991518
92.678536	0.991559
92.708542	0.991601
92.738548	0.991643
92.768554	0.991686
92.798560	0.991730
92.828566	0.991774
92.858572	0.991819
92.888578	0.991864
92.918584	0.991910
92.948590	0.991956
92.978596	0.992002
93.008602	0.992049
93.038608	0.992096
93.068614	0.992143
93.098620	0.992190
93.128626	0.992237
93.158632	0.992285
93.188638	0.992332
93.218644	0.992380
93.248650	0.992427
93.278656	0.992474
93.308662	0.992521
93.338668	0.992567
93.368674	0.992613
93.398680	0.992659
93.428686	0.992704
93.458692	0.992749
93.488698	0.992793
93.518704	0.992837
93.548710	0.992880
93.578716	0.992922
93.608722	0.992964
93.638728	0.993005
93.668734	0.993045
93.698740	0.993085
93.728746	0.993123
93.758752	0.993161
93.788758	0.993198
93.818764	0.993234
93.848770	0.993270
93.878776	0.993304
93.908782	0.993337
93.938788	0.993370
93.968794	0.993402
93.998800	0.993433
94.028806	0.993463
94.058812	0.993492
94.088818	0.993521
94.118824	0.993549
94.148830	0.993576
94.178836	0.993602
94.208842	0.993628
94.238848	0.993653
94.268854	0.993678
94.298860	0.993702
94.328866	0.993726
94.358872	0.993749
94.388878	0.993772
94.418884	0.993794
94.448890	0.993817
94.478896	0.993839
94.508902	0.993861
94.538908	0.993883
94.568914	0.993905
94.598920	0.993927
94.628926	0.993949
94.658932	0.993971
94.688938	0.993994
94.718944	0.994016
94.748950	0.994040
94.778956	0.994063
94.808962	0.994087
94.838968	0.994112
94.868974	0.994137
94.898980	0.994162
94.928986	0.994189
94.958992	0.994216
94.988998	0.994244
95.019004	0.994272
95.049010	0.994301
95.079016	0.994332
95.109022	0.994363
95.139028	0.994394
95.169034	0.994427
95.199040	0.994461
95.229046	0.994495
95.259052	0.994531
95.289058	0.994567
95.319064	0.994604
95.349070	0.994643
95.379076	0.994682
95.409082	0.994721
95.439088	0.994762
95.469094	0.994804
95.499100	0.994846
95.529106	0.994889
95.559112	0.994933
95.589118	0.994977
95.619124	0.995022
95.649130	0.995068
95.679136	0.995114
95.709142	0.995161
95.739148	0.995208
95.769154	0.995255
95.799160	0.995303
95.829166	0.995351
95.859172	0.995399
95.889178	0.995447
95.919184	0.995495
95.949190	0.995543
95.979196	0.995591
96.009202	0.995639
96.039208	0.995687
96.069214	0.995734
96.099220	0.995781
96.129226	0.995828
96.159232	0.995874
96.189238	0.995920
96.219244	0.995965
96.249250	0.996009
96.279256	0.996053
96.309262	0.996096
96.339268	0.996138
96.369274	0.996179
96.399280	0.996220
96.429286	0.996259
96.459292	0.996298
96.489298	0.996335
96.519304	0.996372
96.549310	0.996408
96.579316	0.996442
96.609322	0.996476
96.639328	0.996509
96.669334	0.996540
96.699340	0.996571
96.729346	0.996601
96.759352	0.996629
96.789358	0.996657
96.819364	0.996684
96.849370	0.996710
96.879376	0.996734
96.909382	0.996759
96.939388	0.996782
96.969394	0.996804
96.999400	0.996826
97.029406	0.996848
97.059412	0.996868
97.089418	0.996888
97.119424	0.996908
97.149430	0.996927
97.179436	0.996946
97.209442	0.996965
97.239448	0.996983
97.269454	0.997001
97.299460	0.997019
97.329466	0.997038
97.359472	0.997056
97.389478	0.997074
97.419484	0.997093
97.449490	0.997112
97.479496	0.997131
97.509502	0.997151
97.539508	0.997171
97.569514	0.997192
97.599520	0.997213
97.629526	0.997235
97.659532	0.997258
97.689538	0.997281
97.719544	0.997306
97.749550	0.997331
97.779556	0.997357
97.809562	0.997384
97.839568	0.997413
97.869574	0.997442
97.899580	0.997472
97.929586	0.997503
97.959592	0.997536
97.989598	0.997569
98.019604	0.997603
98.049610	0.997639
98.079616	0.997676
98.109622	0.997713
98.139628	0.997752
98.169634	0.997792
98.199640	0.997832
98.229646	0.997874
98.259652	0.997917
98.289658	0.997960
98.319664	0.998004
98.349670	0.998049
98.379676	0.998095
98.409682	0.998142
98.439688	0.998189
98.469694	0.998236
98.499700	0.998285
98.529706	0.998333
98.559712	0.998382
98.589718	0.998431
98.619724	0.998480
98.649730	0.998530
98.679736	0.998579
98.709742	0.998629
98.739748	0.998678
98.769754	0.998727
98.799760	0.998776
98.829766	0.998824
98.859772	0.998872
98.889778	0.998920
98.919784	0.998967
98.949790	0.999013
98.979796	0.999059
99.009802	0.999104
99.039808	0.999148
99.069814	0.999191
99.099820	0.999233
99.129826	0.999274
99.159832	0.999314
99.189838	0.999353
99.219844	0.999391
99.249850	0.999428
99.279856	0.999464
99.309862	0.999498
99.339868	0.999531
99.369874	0.999563
99.399880	0.999594
99.429886	0.999624
99.459892	0.999652
99.489898	0.999679
99.519904	0.999706
99.549910	0.999731
99.579916	0.999754
99.609922	0.999777
99.639928	0.999799
99.669934	0.999820
99.699940	0.999839
99.729946	0.999858
99.759952	0.999876
99.789958	0.999894
99.819964	0.999910
99.849970	0.999926
99.879976	0.999942
99.909982	0.999957
99.939988	0.999972
99.969994	0.999986
100.000000	1.000000
