-50.000000	0.222613
-49.969994	0.222461
-49.939988	0.222310
-49.909982	0.222158
-49.879976	0.222007
-49.849970	0.221855
-49.819964	0.221704
-49.789958	0.221553
-49.759952	0.221403
-49.729946	0.221252
-49.699940	0.221101
-49.669934	0.220951
-49.639928	0.220801
-49.609922	0.220651
-49.579916	0.220501
-49.549910	0.220351
-49.519904	0.220201
-49.489898	0.220051
-49.459892	0.219902
-49.429886	0.219753
-49.399880	0.219603
-49.369874	0.219454
-49.339868	0.219305
-49.309862	0.219157
-49.279856	0.219008
-49.249850	0.218859
-49.219844	0.218711
-49.189838	0.218563
-49.159832	0.218415
-49.129826	0.218267
-49.099820	0.218119
-49.069814	0.217971
-49.039808	0.217823
-49.009802	0.217676
-48.979796	0.217529
-48.949790	0.217381
-48.919784	0.217234
-48.889778	0.217087
-48.859772	0.216940
-48.829766	0.216794
-48.799760	0.216647
-48.769754	0.216501
-48.739748	0.216354
-48.709742	0.216208
-48.679736	0.216062
-48.649730	0.215916
-48.619724	0.215770
-48.589718	0.215625
-48.559712	0.215479
-48.529706	0.215333
-48.499700	0.215188
-48.469694	0.215043
-48.439688	0.214898
-48.409682	0.214753
-48.379676	0.214608
-48.349670	0.214463
-48.319664	0.214318
-48.289658	0.214174
-48.259652	0.214030
-48.229646	0.213885
-48.199640	0.213741
-48.169634	0.213597
-48.139628	0.213453
-48.109622	0.213309
-48.079616	0.213166
-48.049610	0.213022
-48.019604	0.212879
-47.989598	0.212735
-47.959592	0.212592
-47.929586	0.212449
-47.899580	0.212306
-47.869574	0.212163
-47.839568	0.212020
-47.809562	0.211878
-47.779556	0.211735
-47.749550	0.211593
-47.719544	0.211450
-47.689538	0.211308
-47.659532	0.211166
-47.629526	0.211024
-47.599520	0.210882
-47.569514	0.210740
-47.539508	0.210599
-47.509502	0.210457
-47.479496	0.210316
-47.449490	0.210174
-47.419484	0.210033
-47.389478	0.209892
-47.359472	0.209751
-47.329466	0.209610
-47.299460	0.209469
-47.269454	0.209328
-47.239448	0.209188
-47.209442	0.209047
-47.179436	0.208907
-47.149430	0.208767
-47.119424	0.208626
-47.089418	0.208486
-47.059412	0.208346
-47.029406	0.208206
-46.999400	0.208067
-46.969394	0.207927
-46.939388	0.207787
-46.909382	0.207648
-46.879376	0.207509
-46.849370	0.207369
-46.819364	0.207230
-46.789358	0.207091
-46.759352	0.206952
-46.729346	0.206813
-46.699340	0.206674
-46.669334	0.206536
-46.639328	0.206397
-46.609322	0.206259
-46.579316	0.206120
-46.549310	0.205982
-46.519304	0.205844
-46.489298	0.205706
-46.459292	0.205568
-46.429286	0.205430
-46.399280	0.205292
-46.369274	0.205154
-46.339268	0.205017
-46.309262	0.204879
-46.279256	0.204742
-46.249250	0.204604
-46.219244	0.204467
-46.189238	0.204330
-46.159232	0.204193
-46.129226	0.204056
-46.099220	0.203919
-46.069214	0.203782
-46.039208	0.203645
-46.009202	0.203509
-45.979196	0.203372
-45.949190	0.203236
-45.919184	0.203100
-45.889178	0.202963
-45.859172	0.202827
-45.829166	0.202691
-45.799160	0.202555
-45.769154	0.202419
-45.739148	0.202283
-45.709142	0.202148
-45.679136	0.202012
-45.649130	0.201876
-45.619124	0.201741
-45.589118	0.201605
-45.559112	0.201470
-45.529106	0.201335
-45.499100	0.201200
-45.469094	0.201065
-45.439088	0.200930
-45.409082	0.200795
-45.379076	0.200660
-45.349070	0.200525
-45.319064	0.200391
-45.289058	0.200256
-45.259052	0.200122
-45.229046	0.199987
-45.199040	0.199853
-45.169034	0.199719
-45.139028	0.199585
-45.109022	0.199451
-45.079016	0.199317
-45.049010	0.199183
-45.019004	0.199049
-44.988998	0.198915
-44.958992	0.198781
-44.928986	0.198648
-44.898980	0.198514
-44.868974	0.198381
-44.838968	0.198248
-44.808962	0.198114
-44.778956	0.197981
-44.748950	0.197848
-44.718944	0.197715
-44.688938	0.197582
-44.658932	0.197449
-44.628926	0.197316
-44.598920	0.197184
-44.568914	0.197051
-44.538908	0.196918
-44.508902	0.196786
-44.478896	0.196653
-44.448890	0.196521
-44.418884	0.196389
-44.388878	0.196256
-44.358872	0.196124
-44.328866	0.195992
-44.298860	0.195860
-44.268854	0.195728
-44.238848	0.195596
-44.208842	0.195465
-44.178836	0.195333
-44.148830	0.195201
-44.118824	0.195070
-44.088818	0.194938
-44.058812	0.194807
-44.028806	0.194675
-43.998800	0.194544
-43.968794	0.194413
-43.938788	0.194282
-43.908782	0.194150
-43.878776	0.194019
-43.848770	0.193888
-43.818764	0.193758
-43.788758	0.193627
-43.758752	0.193496
-43.728746	0.193365
-43.698740	0.193235
-43.668734	0.193104
-43.638728	0.192974
-43.608722	0.192843
-43.578716	0.192713
-43.548710	0.192583
-43.518704	0.192452
-43.488698	0.192322
-43.458692	0.192192
-43.428686	0.192062
-43.398680	0.191932
-43.368674	0.191802
-43.338668	0.191672
-43.308662	0.191543
-43.278656	0.191413
-43.248650	0.191283
-43.218644	0.191154
-43.188638	0.191024
-43.158632	0.190895
-43.128626	0.190765
-43.098620	0.190636
-43.068614	0.190507
-43.038608	0.190377
-43.008602	0.190248
-42.978596	0.190119
-42.948590	0.189990
-42.918584	0.189861
-42.888578	0.189732
-42.858572	0.189604
-42.828566	0.189475
-42.798560	0.189346
-42.768554	0.189217
-42.738548	0.189089
-42.708542	0.188960
-42.678536	0.188832
-42.648530	0.188703
-42.618524	0.188575
-42.588518	0.188447
-42.558512	0.188318
-42.528506	0.188190
-42.498500	0.188062
-42.468494	0.187934
-42.438488	0.187806
-42.408482	0.187678
-42.378476	0.187550
-42.348470	0.187422
-42.318464	0.187294
-42.288458	0.187166
-42.258452	0.187039
-42.228446	0.186911
-42.198440	0.186784
-42.168434	0.186656
-42.138428	0.186529
-42.108422	0.186401
-42.078416	0.186274
-42.048410	0.186146
-42.018404	0.186019
-41.988398	0.185892
-41.958392	0.185765
-41.928386	0.185638
-41.898380	0.185511
-41.868374	0.185384
-41.838368	0.185257
-41.808362	0.185130
-41.778356	0.185003
-41.748350	0.184876
-41.718344	0.184750
-41.688338	0.184623
-41.658332	0.184496
-41.628326	0.184370
-41.598320	0.184243
-41.568314	0.184117
-41.538308	0.183990
-41.508302	0.183864
-41.478296	0.183737
-41.448290	0.183611
-41.418284	0.183485
-41.388278	0.183359
-41.358272	0.183233
-41.328266	0.183107
-41.298260	0.182981
-41.268254	0.182855
-41.238248	0.182729
-41.208242	0.182603
-41.178236	0.182477
-41.148230	0.182351
-41.118224	0.182225
-41.088218	0.182100
-41.058212	0.181974
-41.028206	0.181848
-40.998200	0.181723
-40.968194	0.181597
-40.938188	0.181472
-40.908182	0.181347
-40.878176	0.181221
-40.848170	0.181096
-40.818164	0.180971
-40.788158	0.180845
-40.758152	0.180720
-40.728146	0.180595
-40.698140	0.180470
-40.668134	0.180345
-40.638128	0.180220
-40.608122	0.180095
-40.578116	0.179970
-40.548110	0.179845
-40.518104	0.179720
-40.488098	0.179596
-40.458092	0.179471
-40.428086	0.179346
-40.398080	0.179221
-40.368074	0.179097
-40.338068	0.178972
-40.308062	0.178848
-40.278056	0.178723
-40.248050	0.178599
-40.218044	0.178474
-40.188038	0.178350
-40.158032	0.178226
-40.128026	0.178102
-40.098020	0.177977
-40.068014	0.177853
-40.038008	0.177729
-40.008002	0.177605
-39.977996	0.177481
-39.947990	0.177357
-39.917984	0.177233
-39.887978	0.177109
-39.857972	0.176985
-39.827966	0.176861
-39.797960	0.176737
-39.767954	0.176614
-39.737948	0.176490
-39.707942	0.176366
-39.677936	0.176242
-39.647930	0.176119
-39.617924	0.175995
-39.587918	0.175872
-39.557912	0.175748
-39.527906	0.175625
-39.497900	0.175501
-39.467894	0.175378
-39.437888	0.175255
-39.407882	0.175131
-39.377876	0.175008
-39.347870	0.174885
-39.317864	0.174762
-39.287858	0.174638
-39.257852	0.174515
-39.227846	0.174392
-39.197840	0.174269
-39.167834	0.174146
-39.137828	0.174023
-39.107822	0.173900
-39.077816	0.173777
-39.047810	0.173655
-39.017804	0.173532
-38.987798	0.173409
-38.957792	0.173286
-38.927786	0.173163
-38.897780	0.173041
-38.867774	0.172918
-38.837768	0.172795
-38.807762	0.172673
-38.777756	0.172550
-38.747750	0.172428
-38.717744	0.172305
-38.687738	0.172183
-38.657732	0.172061
-38.627726	0.171938
-38.597720	0.171816
-38.567714	0.171694
-38.537708	0.171571
-38.507702	0.171449
-38.477696	0.171327
-38.447690	0.171205
-38.417684	0.171083
-38.387678	0.170960
-38.357672	0.170838
-38.327666	0.170716
-38.297660	0.170594
-38.267654	0.170472
-38.237648	0.170350
-38.207642	0.170229
-38.177636	0.170107
-38.147630	0.169985
-38.117624	0.169863
-38.087618	0.169741
-38.057612	0.169620
-38.027606	0.169498
-37.997600	0.169376
-37.967594	0.169255
-37.937588	0.169133
-37.907582	0.169011
-37.877576	0.168890
-37.847570	0.168768
-37.817564	0.168647
-37.787558	0.168525
-37.757552	0.168404
-37.727546	0.168283
-37.697540	0.168161
-37.667534	0.168040
-37.637528	0.167919
-37.607522	0.167797
-37.577516	0.167676
-37.547510	0.167555
-37.517504	0.167434
-37.487497	0.167313
-37.457491	0.167191
-37.427485	0.167070
-37.397479	0.166949
-37.367473	0.166828
-37.337467	0.166707
-37.307461	0.166586
-37.277455	0.166465
-37.247449	0.166344
-37.217443	0.166223
-37.187437	0.166103
-37.157431	0.165982
-37.127425	0.165861
-37.097419	0.165740
-37.067413	0.165619
-37.037407	0.165499
-37.007401	0.165378
-36.977395	0.165257
-36.947389	0.165137
-36.917383	0.165016
-36.887377	0.164896
-36.857371	0.164775
-36.827365	0.164654
-36.797359	0.164534
-36.767353	0.164413
-36.737347	0.164293
-36.707341	0.164173
-36.677335	0.164052
-36.647329	0.163932
-36.617323	0.163812
-36.587317	0.163691
-36.557311	0.163571
-36.527305	0.163451
-36.497299	0.163330
-36.467293	0.163210
-36.437287	0.163090
-36.407281	0.162970
-36.377275	0.162850
-36.347269	0.162730
-36.317263	0.162610
-36.287257	0.162490
-36.257251	0.162369
-36.227245	0.162249
-36.197239	0.162130
-36.167233	0.162010
-36.137227	0.161890
-36.107221	0.161770
-36.077215	0.161650
-36.047209	0.161530
-36.017203	0.161410
-35.987197	0.161290
-35.957191	0.161171
-35.927185	0.161051
-35.897179	0.160931
-35.867173	0.160811
-35.837167	0.160692
-35.807161	0.160572
-35.777155	0.160452
-35.747149	0.160333
-35.717143	0.160213
-35.687137	0.160094
-35.657131	0.159974
-35.627125	0.159855
-35.597119	0.159735
-35.567113	0.159616
-35.537107	0.159496
-35.507101	0.159377
-35.477095	0.159257
-35.447089	0.159138
-35.417083	0.159019
-35.387077	0.158899
-35.357071	0.158780
-35.327065	0.158661
-35.297059	0.158541
-35.267053	0.158422
-35.237047	0.158303
-35.207041	0.158184
-35.177035	0.158065
-35.147029	0.157946
-35.117023	0.157826
-35.087017	0.157707
-35.057011	0.157588
-35.027005	0.157469
-34.996999	0.157350
-34.966993	0.157231
-34.936987	0.157112
-34.906981	0.156993
-34.876975	0.156874
-34.846969	0.156755
-34.816963	0.156636
-34.786957	0.156517
-34.756951	0.156399
-34.726945	0.156280
-34.696939	0.156161
-34.666933	0.156042
-34.636927	0.155923
-34.606921	0.155805
-34.576915	0.155686
-34.546909	0.155567
-34.516903	0.155448
-34.486897	0.155330
-34.456891	0.155211
-34.426885	0.155092
-34.396879	0.154974
-34.366873	0.154855
-34.336867	0.154737
-34.306861	0.154618
-34.276855	0.154499
-34.246849	0.154381
-34.216843	0.154262
-34.186837	0.154144
-34.156831	0.154025
-34.126825	0.153907
-34.096819	0.153789
-34.066813	0.153670
-34.036807	0.153552
-34.006801	0.153433
-33.976795	0.153315
-33.946789	0.153197
-33.916783	0.153078
-33.886777	0.152960
-33.856771	0.152842
-33.826765	0.152724
-33.796759	0.152605
-33.766753	0.152487
-33.736747	0.152369
-33.706741	0.152251
-33.676735	0.152133
-33.646729	0.152015
-33.616723	0.151896
-33.586717	0.151778
-33.556711	0.151660
-33.526705	0.151542
-33.496699	0.151424
-33.466693	0.151306
-33.436687	0.151188
-33.406681	0.151070
-33.376675	0.150952
-33.346669	0.150834
-33.316663	0.150716
-33.286657	0.150598
-33.256651	0.150480
-33.226645	0.150363
-33.196639	0.150245
-33.166633	0.150127
-33.136627	0.150009
-33.106621	0.149891
-33.076615	0.149773
-33.046609	0.149656
-33.016603	0.149538
-32.986597	0.149420
-32.956591	0.149302
-32.926585	0.149185
-32.896579	0.149067
-32.866573	0.148949
-32.836567	0.148832
-32.806561	0.148714
-32.776555	0.148596
-32.746549	0.148479
-32.716543	0.148361
-32.686537	0.148244
-32.656531	0.148126
-32.626525	0.148009
-32.596519	0.147891
-32.566513	0.147774
-32.536507	0.147656
-32.506501	0.147539
-32.476495	0.147421
-32.446489	0.147304
-32.416483	0.147186
-32.386477	0.147069
-32.356471	0.146952
-32.326465	0.146834
-32.296459	0.146717
-32.266453	0.146599
-32.236447	0.146482
-32.206441	0.146365
-32.176435	0.146248
-32.146429	0.146130
-32.116423	0.146013
-32.086417	0.145896
-32.056411	0.145779
-32.026405	0.145661
-31.996399	0.145544
-31.966393	0.145427
-31.936387	0.145310
-31.906381	0.145193
-31.876375	0.145076
-31.846369	0.144958
-31.816363	0.144841
-31.786357	0.144724
-31.756351	0.144607
-31.726345	0.144490
-31.696339	0.144373
-31.666333	0.144256
-31.636327	0.144139
-31.606321	0.144022
-31.576315	0.143905
-31.546309	0.143788
-31.516303	0.143671
-31.486297	0.143554
-31.456291	0.143437
-31.426285	0.143320
-31.396279	0.143203
-31.366273	0.143087
-31.336267	0.142970
-31.306261	0.142853
-31.276255	0.142736
-31.246249	0.142619
-31.216243	0.142502
-31.186237	0.142386
-31.156231	0.142269
-31.126225	0.142152
-31.096219	0.142035
-31.066213	0.141919
-31.036207	0.141802
-31.006201	0.141685
-30.976195	0.141569
-30.946189	0.141452
-30.916183	0.141335
-30.886177	0.141219
-30.856171	0.141102
-30.826165	0.140985
-30.796159	0.140869
-30.766153	0.140752
-30.736147	0.140636
-30.706141	0.140519
-30.676135	0.140403
-30.646129	0.140286
-30.616123	0.140170
-30.586117	0.140053
-30.556111	0.139937
-30.526105	0.139820
-30.496099	0.139704
-30.466093	0.139587
-30.436087	0.139471
-30.406081	0.139354
-30.376075	0.139238
-30.346069	0.139122
-30.316063	0.139005
-30.286057	0.138889
-30.256051	0.138773
-30.226045	0.138656
-30.196039	0.138540
-30.166033	0.138424
-30.136027	0.138307
-30.106021	0.138191
-30.076015	0.138075
-30.046009	0.137959
-30.016003	0.137842
-29.985997	0.137726
-29.955991	0.137610
-29.925985	0.137494
-29.895979	0.137378
-29.865973	0.137261
-29.835967	0.137145
-29.805961	0.137029
-29.775955	0.136913
-29.745949	0.136797
-29.715943	0.136681
-29.685937	0.136565
-29.655931	0.136449
-29.625925	0.136333
-29.595919	0.136217
-29.565913	0.136101
-29.535907	0.135985
-29.505901	0.135869
-29.475895	0.135753
-29.445889	0.135637
-29.415883	0.135521
-29.385877	0.135405
-29.355871	0.135289
-29.325865	0.135173
-29.295859	0.135057
-29.265853	0.134941
-29.235847	0.134825
-29.205841	0.134709
-29.175835	0.134594
-29.145829	0.134478
-29.115823	0.134362
-29.085817	0.134246
-29.055811	0.134130
-29.025805	0.134015
-28.995799	0.133899
-28.965793	0.133783
-28.935787	0.133667
-28.905781	0.133552
-28.875775	0.133436
-28.845769	0.133320
-28.815763	0.133204
-28.785757	0.133089
-28.755751	0.132973
-28.725745	0.132857
-28.695739	0.132742
-28.665733	0.132626
-28.635727	0.132511
-28.605721	0.132395
-28.575715	0.132279
-28.545709	0.132164
-28.515703	0.132048
-28.485697	0.131933
-28.455691	0.131817
-28.425685	0.131702
-28.395679	0.131586
-28.365673	0.131471
-28.335667	0.131355
-28.305661	0.131240
-28.275655	0.131124
-28.245649	0.131009
-28.215643	0.130893
-28.185637	0.130778
-28.155631	0.130663
-28.125625	0.130547
-28.095619	0.130432
-28.065613	0.130317
-28.035607	0.130201
-28.005601	0.130086
-27.975595	0.129971
-27.945589	0.129855
-27.915583	0.129740
-27.885577	0.129625
-27.855571	0.129509
-27.825565	0.129394
-27.795559	0.129279
-27.765553	0.129164
-27.735547	0.129048
-27.705541	0.128933
-27.675535	0.128818
-27.645529	0.128703
-27.615523	0.128588
-27.585517	0.128473
-27.555511	0.128357
-27.525505	0.128242
-27.495499	0.128127
-27.465493	0.128012
-27.435487	0.127897
-27.405481	0.127782
-27.375475	0.127667
-27.345469	0.127552
-27.315463	0.127437
-27.285457	0.127322
-27.255451	0.127207
-27.225445	0.127092
-27.195439	0.126977
-27.165433	0.126862
-27.135427	0.126747
-27.105421	0.126632
-27.075415	0.126517
-27.045409	0.126402
-27.015403	0.126287
-26.985397	0.126172
-26.955391	0.126057
-26.925385	0.125943
-26.895379	0.125828
-26.865373	0.125713
-26.835367	0.125598
-26.805361	0.125483
-26.775355	0.125369
-26.745349	0.125254
-26.715343	0.125139
-26.685337	0.125024
-26.655331	0.124910
-26.625325	0.124795
-26.595319	0.124680
-26.565313	0.124565
-26.535307	0.124451
-26.505301	0.124336
-26.475295	0.124221
-26.445289	0.124107
-26.415283	0.123992
-26.385277	0.123877
-26.355271	0.123763
-26.325265	0.123648
-26.295259	0.123534
-26.265253	0.123419
-26.235247	0.123305
-26.205241	0.123190
-26.175235	0.123076
-26.145229	0.122961
-26.115223	0.122847
-26.085217	0.122732
-26.055211	0.122618
-26.025205	0.122503
-25.995199	0.122389
-25.965193	0.122274
-25.935187	0.122160
-25.905181	0.122046
-25.875175	0.121931
-25.845169	0.121817
-25.815163	0.121702
-25.785157	0.121588
-25.755151	0.121474
-25.725145	0.121359
-25.695139	0.121245
-25.665133	0.121131
-25.635127	0.121017
-25.605121	0.120902
-25.575115	0.120788
-25.545109	0.120674
-25.515103	0.120560
-25.485097	0.120445
-25.455091	0.120331
-25.425085	0.120217
-25.395079	0.120103
-25.365073	0.119989
-25.335067	0.119875
-25.305061	0.119761
-25.275055	0.119646
-25.245049	0.119532
-25.215043	0.119418
-25.185037	0.119304
-25.155031	0.119190
-25.125025	0.119076
-25.095019	0.118962
-25.065013	0.118848
-25.035007	0.118734
-25.005001	0.118620
-24.974995	0.118506
-24.944989	0.118392
-24.914983	0.118278
-24.884977	0.118165
-24.854971	0.118051
-24.824965	0.117937
-24.794959	0.117823
-24.764953	0.117709
-24.734947	0.117595
-24.704941	0.117481
-24.674935	0.117368
-24.644929	0.117254
-24.614923	0.117140
-24.584917	0.117026
-24.554911	0.116913
-24.524905	0.116799
-24.494899	0.116685
-24.464893	0.116571
-24.434887	0.116458
-24.404881	0.116344
-24.374875	0.116230
-24.344869	0.116117
-24.314863	0.116003
-24.284857	0.115890
-24.254851	0.115776
-24.224845	0.115662
-24.194839	0.115549
-24.164833	0.115435
-24.134827	0.115322
-24.104821	0.115208
-24.074815	0.115095
-24.044809	0.114981
-24.014803	0.114868
-23.984797	0.114754
-23.954791	0.114641
-23.924785	0.114528
-23.894779	0.114414
-23.864773	0.114301
-23.834767	0.114187
-23.804761	0.114074
-23.774755	0.113961
-23.744749	0.113848
-23.714743	0.113734
-23.684737	0.113621
-23.654731	0.113508
-23.624725	0.113394
-23.594719	0.113281
-23.564713	0.113168
-23.534707	0.113055
-23.504701	0.112942
-23.474695	0.112828
-23.444689	0.112715
-23.414683	0.112602
-23.384677	0.112489
-23.354671	0.112376
-23.324665	0.112263
-23.294659	0.112150
-23.264653	0.112037
-23.234647	0.111924
-23.204641	0.111811
-23.174635	0.111698
-23.144629	0.111585
-23.114623	0.111472
-23.084617	0.111359
-23.054611	0.111246
-23.024605	0.111133
-22.994599	0.111020
-22.964593	0.110907
-22.934587	0.110794
-22.904581	0.110682
-22.874575	0.110569
-22.844569	0.110456
-22.814563	0.110343
-22.784557	0.110230
-22.754551	0.110118
-22.724545	0.110005
-22.694539	0.109892
-22.664533	0.109780
-22.634527	0.109667
-22.604521	0.109554
-22.574515	0.109442
-22.544509	0.109329
-22.514503	0.109216
-22.484497	0.109104
-22.454491	0.108991
-22.424485	0.108879
-22.394479	0.108766
-22.364473	0.108654
-22.334467	0.108541
-22.304461	0.108429
-22.274455	0.108316
-22.244449	0.108204
-22.214443	0.108091
-22.184437	0.107979
-22.154431	0.107867
-22.124425	0.107754
-22.094419	0.107642
-22.064413	0.107530
-22.034407	0.107417
-22.004401	0.107305
-21.974395	0.107193
-21.944389	0.107081
-21.914383	0.106968
-21.884377	0.106856
-21.854371	0.106744
-21.824365	0.106632
-21.794359	0.106520
-21.764353	0.106408
-21.734347	0.106295
-21.704341	0.106183
-21.674335	0.106071
-21.644329	0.105959
-21.614323	0.105847
-21.584317	0.105735
-21.554311	0.105623
-21.524305	0.105511
-21.494299	0.105399
-21.464293	0.105288
-21.434287	0.105176
-21.404281	0.105064
-21.374275	0.104952
-21.344269	0.104840
-21.314263	0.104728
-21.284257	0.104616
-21.254251	0.104505
-21.224245	0.104393
-21.194239	0.104281
-21.164233	0.104170
-21.134227	0.104058
-21.104221	0.103946
-21.074215	0.103835
-21.044209	0.103723
-21.014203	0.103611
-20.984197	0.103500
-20.954191	0.103388
-20.924185	0.103277
-20.894179	0.103165
-20.864173	0.103054
-20.834167	0.102942
-20.804161	0.102831
-20.774155	0.102719
-20.744149	0.102608
-20.714143	0.102497
-20.684137	0.102385
-20.654131	0.102274
-20.624125	0.102163
-20.594119	0.102051
-20.564113	0.101940
-20.534107	0.101829
-20.504101	0.101718
-20.474095	0.101607
-20.444089	0.101495
-20.414083	0.101384
-20.384077	0.101273
-20.354071	0.101162
-20.324065	0.101051
-20.294059	0.100940
-20.264053	0.100829
-20.234047	0.100718
-20.204041	0.100607
-20.174035	0.100496
-20.144029	0.100385
-20.114023	0.100274
-20.084017	0.100163
-20.054011	0.100053
-20.024005	0.099942
-19.993999	0.099831
-19.963993	0.099720
-19.933987	0.099609
-19.903981	0.099499
-19.873975	0.099388
-19.843969	0.099277
-19.813963	0.099167
-19.783957	0.099056
-19.753951	0.098945
-19.723945	0.098835
-19.693939	0.098724
-19.663933	0.098614
-19.633927	0.098503
-19.603921	0.098393
-19.573915	0.098282
-19.543909	0.098172
-19.513903	0.098062
-19.483897	0.097951
-19.453891	0.097841
-19.423885	0.097731
-19.393879	0.097620
-19.363873	0.097510
-19.333867	0.097400
-19.303861	0.097290
-19.273855	0.097179
-19.243849	0.097069
-19.213843	0.096959
-19.183837	0.096849
-19.153831	0.096739
-19.123825	0.096629
-19.093819	0.096519
-19.063813	0.096409
-19.033807	0.096299
-19.003801	0.096189
-18.973795	0.096079
-18.943789	0.095969
-18.913783	0.095860
-18.883777	0.095750
-18.853771	0.095640
-18.823765	0.095530
-18.793759	0.095420
-18.763753	0.095311
-18.733747	0.095201
-18.703741	0.095091
-18.673735	0.094982
-18.643729	0.094872
-18.613723	0.094763
-18.583717	0.094653
-18.553711	0.094544
-18.523705	0.094434
-18.493699	0.094325
-18.463693	0.094215
-18.433687	0.094106
-18.403681	0.093997
-18.373675	0.093887
-18.343669	0.093778
-18.313663	0.093669
-18.283657	0.093560
-18.253651	0.093450
-18.223645	0.093341
-18.193639	0.093232
-18.163633	0.093123
-18.133627	0.093014
-18.103621	0.092905
-18.073615	0.092796
-18.043609	0.092687
-18.013603	0.092578
-17.983597	0.092469
-17.953591	0.092360
-17.923585	0.092251
-17.893579	0.092143
-17.863573	0.092034
-17.833567	0.091925
-17.803561	0.091816
-17.773555	0.091708
-17.743549	0.091599
-17.713543	0.091490
-17.683537	0.091382
-17.653531	0.091273
-17.623525	0.091165
-17.593519	0.091056
-17.563513	0.090948
-17.533507	0.090839
-17.503501	0.090731
-17.473495	0.090623
-17.443489	0.090514
-17.413483	0.090406
-17.383477	0.090298
-17.353471	0.090190
-17.323465	0.090081
-17.293459	0.089973
-17.263453	0.089865
-17.233447	0.089757
-17.203441	0.089649
-17.173435	0.089541
-17.143429	0.089433
-17.113423	0.089325
-17.083417	0.089217
-17.053411	0.089109
-17.023405	0.089001
-16.993399	0.088894
-16.963393	0.088786
-16.933387	0.088678
-16.903381	0.088571
-16.873375	0.088463
-16.843369	0.088355
-16.813363	0.088248
-16.783357	0.088140
-16.753351	0.088033
-16.723345	0.087925
-16.693339	0.087818
-16.663333	0.087710
-16.633327	0.087603
-16.603321	0.087496
-16.573315	0.087388
-16.543309	0.087281
-16.513303	0.087174
-16.483297	0.087067
-16.453291	0.086960
-16.423285	0.086853
-16.393279	0.086746
-16.363273	0.086639
-16.333267	0.086532
-16.303261	0.086425
-16.273255	0.086318
-16.243249	0.086211
-16.213243	0.086104
-16.183237	0.085997
-16.153231	0.085891
-16.123225	0.085784
-16.093219	0.085677
-16.063213	0.085571
-16.033207	0.085464
-16.003201	0.085358
-15.973195	0.085251
-15.943189	0.085145
-15.913183	0.085038
-15.883177	0.084932
-15.853171	0.084826
-15.823165	0.084719
-15.793159	0.084613
-15.763153	0.084507
-15.733147	0.084401
-15.703141	0.084295
-15.673135	0.084188
-15.643129	0.084082
-15.613123	0.083976
-15.583117	0.083870
-15.553111	0.083765
-15.523105	0.083659
-15.493099	0.083553
-15.463093	0.083447
-15.433087	0.083341
-15.403081	0.083236
-15.373075	0.083130
-15.343069	0.083024
-15.313063	0.082919
-15.283057	0.082813
-15.253051	0.082708
-15.223045	0.082603
-15.193039	0.082497
-15.163033	0.082392
-15.133027	0.082287
-15.103021	0.082181
-15.073015	0.082076
-15.043009	0.081971
-15.013003	0.081866
-14.982997	0.081761
-14.952991	0.081656
-14.922985	0.081551
-14.892979	0.081446
-14.862973	0.081341
-14.832967	0.081236
-14.802961	0.081131
-14.772955	0.081027
-14.742949	0.080922
-14.712943	0.080817
-14.682937	0.080713
-14.652931	0.080608
-14.622925	0.080504
-14.592919	0.080399
-14.562913	0.080295
-14.532907	0.080191
-14.502901	0.080086
-14.472895	0.079982
-14.442889	0.079878
-14.412883	0.079774
-14.382877	0.079670
-14.352871	0.079565
-14.322865	0.079461
-14.292859	0.079357
-14.262853	0.079254
-14.232847	0.079150
-14.202841	0.079046
-14.172835	0.078942
-14.142829	0.078838
-14.112823	0.078735
-14.082817	0.078631
-14.052811	0.078528
-14.022805	0.078424
-13.992799	0.078321
-13.962793	0.078217
-13.932787	0.078114
-13.902781	0.078011
-13.872775	0.077907
-13.842769	0.077804
-13.812763	0.077701
-13.782757	0.077598
-13.752751	0.077495
-13.722745	0.077392
-13.692739	0.077289
-13.662733	0.077186
-13.632727	0.077083
-13.602721	0.076981
-13.572715	0.076878
-13.542709	0.076775
-13.512703	0.076673
-13.482697	0.076570
-13.452691	0.076468
-13.422685	0.076365
-13.392679	0.076263
-13.362673	0.076161
-13.332667	0.076058
-13.302661	0.075956
-13.272655	0.075854
-13.242649	0.075752
-13.212643	0.075650
-13.182637	0.075548
-13.152631	0.075446
-13.122625	0.075344
-13.092619	0.075242
-13.062613	0.075141
-13.032607	0.075039
-13.002601	0.074937
-12.972595	0.074836
-12.942589	0.074734
-12.912583	0.074633
-12.882577	0.074531
-12.852571	0.074430
-12.822565	0.074329
-12.792559	0.074228
-12.762553	0.074126
-12.732547	0.074025
-12.702541	0.073924
-12.672535	0.073823
-12.642529	0.073722
-12.612523	0.073621
-12.582517	0.073521
-12.552511	0.073420
-12.522505	0.073319
-12.492498	0.073219
-12.462492	0.073118
-12.432486	0.073018
-12.402480	0.072917
-12.372474	0.072817
-12.342468	0.072717
-12.312462	0.072616
-12.282456	0.072516
-12.252450	0.072416
-12.222444	0.072316
-12.192438	0.072216
-12.162432	0.072116
-12.132426	0.072016
-12.102420	0.071916
-12.072414	0.071817
-12.042408	0.071717
-12.012402	0.071617
-11.982396	0.071518
-11.952390	0.071418
-11.922384	0.071319
-11.892378	0.071220
-11.862372	0.071120
-11.832366	0.071021
-11.802360	0.070922
-11.772354	0.070823
-11.742348	0.070724
-11.712342	0.070625
-11.682336	0.070526
-11.652330	0.070428
-11.622324	0.070329
-11.592318	0.070230
-11.562312	0.070132
-11.532306	0.070033
-11.502300	0.069935
-11.472294	0.069836
-11.442288	0.069738
-11.412282	0.069640
-11.382276	0.069541
-11.352270	0.069443
-11.322264	0.069345
-11.292258	0.069247
-11.262252	0.069150
-11.232246	0.069052
-11.202240	0.068954
-11.172234	0.068856
-11.142228	0.068759
-11.112222	0.068661
-11.082216	0.068564
-11.052210	0.068466
-11.022204	0.068369
-10.992198	0.068272
-10.962192	0.068175
-10.932186	0.068078
-10.902180	0.067980
-10.872174	0.067884
-10.842168	0.067787
-10.812162	0.067690
-10.782156	0.067593
-10.752150	0.067497
-10.722144	0.067400
-10.692138	0.067303
-10.662132	0.067207
-10.632126	0.067111
-10.602120	0.067014
-10.572114	0.066918
-10.542108	0.066822
-10.512102	0.066726
-10.482096	0.066630
-10.452090	0.066534
-10.422084	0.066439
-10.392078	0.066343
-10.362072	0.066247
-10.332066	0.066152
-10.302060	0.066056
-10.272054	0.065961
-10.242048	0.065865
-10.212042	0.065770
-10.182036	0.065675
-10.152030	0.065580
-10.122024	0.065485
-10.092018	0.065390
-10.062012	0.065295
-10.032006	0.065200
-10.002000	0.065106
-9.971994	0.065011
-9.941988	0.064917
-9.911982	0.064822
-9.881976	0.064728
-9.851970	0.064634
-9.821964	0.064539
-9.791958	0.064445
-9.761952	0.064351
-9.731946	0.064257
-9.701940	0.064164
-9.671934	0.064070
-9.641928	0.063976
-9.611922	0.063882
-9.581916	0.063789
-9.551910	0.063696
-9.521904	0.063602
-9.491898	0.063509
-9.461892	0.063416
-9.431886	0.063323
-9.401880	0.063230
-9.371874	0.063137
-9.341868	0.063044
-9.311862	0.062951
-9.281856	0.062859
-9.251850	0.062766
-9.221844	0.062674
-9.191838	0.062581
-9.161832	0.062489
-9.131826	0.062397
-9.101820	0.062305
-9.071814	0.062213
-9.041808	0.062121
-9.011802	0.062029
-8.981796	0.061937
-8.951790	0.061846
-8.921784	0.061754
-8.891778	0.061663
-8.861772	0.061571
-8.831766	0.061480
-8.801760	0.061389
-8.771754	0.061298
-8.741748	0.061207
-8.711742	0.061116
-8.681736	0.061025
-8.651730	0.060935
-8.621724	0.060844
-8.591718	0.060753
-8.561712	0.060663
-8.531706	0.060573
-8.501700	0.060482
-8.471694	0.060392
-8.441688	0.060302
-8.411682	0.060212
-8.381676	0.060123
-8.351670	0.060033
-8.321664	0.059943
-8.291658	0.059854
-8.261652	0.059764
-8.231646	0.059675
-8.201640	0.059586
-8.171634	0.059496
-8.141628	0.059407
-8.111622	0.059319
-8.081616	0.059230
-8.051610	0.059141
-8.021604	0.059052
-7.991598	0.058964
-7.961592	0.058875
-7.931586	0.058787
-7.901580	0.058699
-7.871574	0.058611
-7.841568	0.058523
-7.811562	0.058435
-7.781556	0.058347
-7.751550	0.058259
-7.721544	0.058172
-7.691538	0.058084
-7.661532	0.057997
-7.631526	0.057909
-7.601520	0.057822
-7.571514	0.057735
-7.541508	0.057648
-7.511502	0.057561
-7.481496	0.057475
-7.451490	0.057388
-7.421484	0.057301
-7.391478	0.057215
-7.361472	0.057129
-7.331466	0.057042
-7.301460	0.056956
-7.271454	0.056870
-7.241448	0.056784
-7.211442	0.056699
-7.181436	0.056613
-7.151430	0.056527
-7.121424	0.056442
-7.091418	0.056357
-7.061412	0.056271
-7.031406	0.056186
-7.001400	0.056101
-6.971394	0.056016
-6.941388	0.055932
-6.911382	0.055847
-6.881376	0.055763
-6.851370	0.055678
-6.821364	0.055594
-6.791358	0.055510
-6.761352	0.055426
-6.731346	0.055342
-6.701340	0.055258
-6.671334	0.055174
-6.641328	0.055090
-6.611322	0.055007
-6.581316	0.054924
-6.551310	0.054840
-6.521304	0.054757
-6.491298	0.054674
-6.461292	0.054591
-6.431286	0.054509
-6.401280	0.054426
-6.371274	0.054343
-6.341268	0.054261
-6.311262	0.054179
-6.281256	0.054096
-6.251250	0.054014
-6.221244	0.053932
-6.191238	0.053851
-6.161232	0.053769
-6.131226	0.053687
-6.101220	0.053606
-6.071214	0.053525
-6.041208	0.053444
-6.011202	0.053362
-5.981196	0.053282
-5.951190	0.053201
-5.921184	0.053120
-5.891178	0.053040
-5.861172	0.052959
-5.831166	0.052879
-5.801160	0.052799
-5.771154	0.052719
-5.741148	0.052639
-5.711142	0.052559
-5.681136	0.052479
-5.651130	0.052400
-5.621124	0.052320
-5.591118	0.052241
-5.561112	0.052162
-5.531106	0.052083
-5.501100	0.052004
-5.471094	0.051925
-5.441088	0.051847
-5.411082	0.051768
-5.381076	0.051690
-5.351070	0.051612
-5.321064	0.051534
-5.291058	0.051456
-5.261052	0.051378
-5.231046	0.051300
-5.201040	0.051223
-5.171034	0.051145
-5.141028	0.051068
-5.111022	0.050991
-5.081016	0.050914
-5.051010	0.050837
-5.021004	0.050760
-4.990998	0.050684
-4.960992	0.050607
-4.930986	0.050531
-4.900980	0.050455
-4.870974	0.050379
-4.840968	0.050303
-4.810962	0.050227
-4.780956	0.050152
-4.750950	0.050076
-4.720944	0.050001
-4.690938	0.049926
-4.660932	0.049851
-4.630926	0.049776
-4.600920	0.049701
-4.570914	0.049627
-4.540908	0.049552
-4.510902	0.049478
-4.480896	0.049404
-4.450890	0.049330
-4.420884	0.049256
-4.390878	0.049182
-4.360872	0.049109
-4.330866	0.049035
-4.300860	0.048962
-4.270854	0.048889
-4.240848	0.048816
-4.210842	0.048743
-4.180836	0.048671
-4.150830	0.048598
-4.120824	0.048526
-4.090818	0.048454
-4.060812	0.048382
-4.030806	0.048310
-4.000800	0.048238
-3.970794	0.048166
-3.940788	0.048095
-3.910782	0.048024
-3.880776	0.047952
-3.850770	0.047881
-3.820764	0.047811
-3.790758	0.047740
-3.760752	0.047670
-3.730746	0.047599
-3.700740	0.047529
-3.670734	0.047459
-3.640728	0.047389
-3.610722	0.047319
-3.580716	0.047250
-3.550710	0.047180
-3.520704	0.047111
-3.490698	0.047042
-3.460692	0.046973
-3.430686	0.046904
-3.400680	0.046836
-3.370674	0.046767
-3.340668	0.046699
-3.310662	0.046631
-3.280656	0.046563
-3.250650	0.046495
-3.220644	0.046428
-3.190638	0.046360
-3.160632	0.046293
-3.130626	0.046226
-3.100620	0.046159
-3.070614	0.046092
-3.040608	0.046026
-3.010602	0.045959
-2.980596	0.045893
-2.950590	0.045827
-2.920584	0.045761
-2.890578	0.045695
-2.860572	0.045630
-2.830566	0.045564
-2.800560	0.045499
-2.770554	0.045434
-2.740548	0.045369
-2.710542	0.045304
-2.680536	0.045240
-2.650530	0.045176
-2.620524	0.045111
-2.590518	0.045047
-2.560512	0.044984
-2.530506	0.044920
-2.500500	0.044856
-2.470494	0.044793
-2.440488	0.044730
-2.410482	0.044667
-2.380476	0.044604
-2.350470	0.044542
-2.320464	0.044479
-2.290458	0.044417
-2.260452	0.044355
-2.230446	0.044293
-2.200440	0.044232
-2.170434	0.044170
-2.140428	0.044109
-2.110422	0.044048
-2.080416	0.043987
-2.050410	0.043926
-2.020404	0.043865
-1.990398	0.043805
-1.960392	0.043745
-1.930386	0.043685
-1.900380	0.043625
-1.870374	0.043565
-1.840368	0.043506
-1.810362	0.043447
-1.780356	0.043387
-1.750350	0.043329
-1.720344	0.043270
-1.690338	0.043211
-1.660332	0.043153
-1.630326	0.043095
-1.600320	0.043037
-1.570314	0.042979
-1.540308	0.042922
-1.510302	0.042865
-1.480296	0.042807
-1.450290	0.042750
-1.420284	0.042694
-1.390278	0.042637
-1.360272	0.042581
-1.330266	0.042525
-1.300260	0.042469
-1.270254	0.042413
-1.240248	0.042357
-1.210242	0.042302
-1.180236	0.042247
-1.150230	0.042192
-1.120224	0.042137
-1.090218	0.042083
-1.060212	0.042028
-1.030206	0.041974
-1.000200	0.041920
-0.970194	0.041866
-0.940188	0.041813
-0.910182	0.041760
-0.880176	0.041707
-0.850170	0.041654
-0.820164	0.041601
-0.790158	0.041548
-0.760152	0.041496
-0.730146	0.041444
-0.700140	0.041392
-0.670134	0.041341
-0.640128	0.041289
-0.610122	0.041238
-0.580116	0.041187
-0.550110	0.041136
-0.520104	0.041086
-0.490098	0.041035
-0.460092	0.040985
-0.430086	0.040935
-0.400080	0.040885
-0.370074	0.040836
-0.340068	0.040787
-0.310062	0.040737
-0.280056	0.040689
-0.250050	0.040640
-0.220044	0.040592
-0.190038	0.040543
-0.160032	0.040495
-0.130026	0.040448
-0.100020	0.040400
-0.070014	0.040353
-0.040008	0.040306
-0.010002	0.040259
0.020004	0.040212
0.050010	0.040166
0.080016	0.040120
0.110022	0.040074
0.140028	0.040028
0.170034	0.039982
0.200040	0.039937
0.230046	0.039892
0.260052	0.039847
0.290058	0.039803
0.320064	0.039758
0.350070	0.039714
0.380076	0.039670
0.410082	0.039627
0.440088	0.039583
0.470094	0.039540
0.500100	0.039497
0.530106	0.039454
0.560112	0.039412
0.590118	0.039370
0.620124	0.039328
0.650130	0.039286
0.680136	0.039244
0.710142	0.039203
0.740148	0.039162
0.770154	0.039121
0.800160	0.039081
0.830166	0.039040
0.860172	0.039000
0.890178	0.038960
0.920184	0.038921
0.950190	0.038881
0.980196	0.038842
1.010202	0.038803
1.040208	0.038765
1.070214	0.038726
1.100220	0.038688
1.130226	0.038651
1.160232	0.038613
1.190238	0.038576
1.220244	0.038538
1.250250	0.038502
1.280256	0.038465
1.310262	0.038429
1.340268	0.038392
1.370274	0.038357
1.400280	0.038321
1.430286	0.038286
1.460292	0.038250
1.490298	0.038216
1.520304	0.038181
1.550310	0.038147
1.580316	0.038113
1.610322	0.038079
1.640328	0.038045
1.670334	0.038012
1.700340	0.037979
1.730346	0.037946
1.760352	0.037914
1.790358	0.037882
1.820364	0.037850
1.850370	0.037818
1.880376	0.037786
1.910382	0.037755
1.940388	0.037724
1.970394	0.037694
2.000400	0.037663
2.030406	0.037633
2.060412	0.037603
2.090418	0.037574
2.120424	0.037545
2.150430	0.037516
2.180436	0.037487
2.210442	0.037458
2.240448	0.037430
2.270454	0.037402
2.300460	0.037375
2.330466	0.037347
2.360472	0.037320
2.390478	0.037293
2.420484	0.037267
2.450490	0.037240
2.480496	0.037214
2.510502	0.037189
2.540508	0.037163
2.570514	0.037138
2.600520	0.037113
2.630526	0.037089
2.660532	0.037065
2.690538	0.037041
2.720544	0.037017
2.750550	0.036993
2.780556	0.036970
2.810562	0.036947
2.840568	0.036925
2.870574	0.036903
2.900580	0.036881
2.930586	0.036859
2.960592	0.036838
2.990598	0.036816
3.020604	0.036796
3.050610	0.036775
3.080616	0.036755
3.110622	0.036735
3.140628	0.036715
3.170634	0.036696
3.200640	0.036677
3.230646	0.036658
3.260652	0.036640
3.290658	0.036622
3.320664	0.036604
3.350670	0.036586
3.380676	0.036569
3.410682	0.036552
3.440688	0.036536
3.470694	0.036519
3.500700	0.036503
3.530706	0.036488
3.560712	0.036472
3.590718	0.036457
3.620724	0.036442
3.650730	0.036428
3.680736	0.036414
3.710742	0.036400
3.740748	0.036386
3.770754	0.036373
3.800760	0.036360
3.830766	0.036348
3.860772	0.036335
3.890778	0.036323
3.920784	0.036312
3.950790	0.036300
3.980796	0.036289
4.010802	0.036279
4.040808	0.036268
4.070814	0.036258
4.100820	0.036249
4.130826	0.036239
4.160832	0.036230
4.190838	0.036221
4.220844	0.036213
4.250850	0.036205
4.280856	0.036197
4.310862	0.036190
4.340868	0.036183
4.370874	0.036176
4.400880	0.036169
4.430886	0.036163
4.460892	0.036157
4.490898	0.036152
4.520904	0.036147
4.550910	0.036142
4.580916	0.036138
4.610922	0.036133
4.640928	0.036130
4.670934	0.036126
4.700940	0.036123
4.730946	0.036120
4.760952	0.036118
4.790958	0.036116
4.820964	0.036114
4.850970	0.036113
4.880976	0.036112
4.910982	0.036111
4.940988	0.036111
4.970994	0.036111
5.001000	0.036111
5.031006	0.036112
5.061012	0.036113
5.091018	0.036114
5.121024	0.036116
5.151030	0.036118
5.181036	0.036120
5.211042	0.036123
5.241048	0.036126
5.271054	0.036130
5.301060	0.036133
5.331066	0.036138
5.361072	0.036142
5.391078	0.036147
5.421084	0.036152
5.451090	0.036158
5.481096	0.036164
5.511102	0.036170
5.541108	0.036177
5.571114	0.036184
5.601120	0.036192
5.631126	0.036199
5.661132	0.036208
5.691138	0.036216
5.721144	0.036225
5.751150	0.036234
5.781156	0.036244
5.811162	0.036254
5.841168	0.036264
5.871174	0.036275
5.901180	0.036286
5.931186	0.036298
5.961192	0.036310
5.991198	0.036322
6.021204	0.036335
6.051210	0.036348
6.081216	0.036361
6.111222	0.036375
6.141228	0.036389
6.171234	0.036404
6.201240	0.036418
6.231246	0.036434
6.261252	0.036449
6.291258	0.036466
6.321264	0.036482
6.351270	0.036499
6.381276	0.036516
6.411282	0.036534
6.441288	0.036552
6.471294	0.036570
6.501300	0.036589
6.531306	0.036608
6.561312	0.036628
6.591318	0.036648
6.621324	0.036668
6.651330	0.036689
6.681336	0.036710
6.711342	0.036732
6.741348	0.036754
6.771354	0.036776
6.801360	0.036799
6.831366	0.036822
6.861372	0.036846
6.891378	0.036870
6.921384	0.036894
6.951390	0.036919
6.981396	0.036944
7.011402	0.036970
7.041408	0.036996
7.071414	0.037022
7.101420	0.037049
7.131426	0.037076
7.161432	0.037104
7.191438	0.037132
7.221444	0.037160
7.251450	0.037189
7.281456	0.037219
7.311462	0.037248
7.341468	0.037279
7.371474	0.037309
7.401480	0.037340
7.431486	0.037372
7.461492	0.037403
7.491498	0.037436
7.521504	0.037468
7.551510	0.037502
7.581516	0.037535
7.611522	0.037569
7.641528	0.037604
7.671534	0.037638
7.701540	0.037674
7.731546	0.037709
7.761552	0.037745
7.791558	0.037782
7.821564	0.037819
7.851570	0.037856
7.881576	0.037894
7.911582	0.037933
7.941588	0.037971
7.971594	0.038011
8.001600	0.038050
8.031606	0.038090
8.061612	0.038131
8.091618	0.038172
8.121624	0.038213
8.151630	0.038255
8.181636	0.038297
8.211642	0.038340
8.241648	0.038383
8.271654	0.038427
8.301660	0.038471
8.331666	0.038516
8.361672	0.038561
8.391678	0.038606
8.421684	0.038652
8.451690	0.038698
8.481696	0.038745
8.511702	0.038792
8.541708	0.038840
8.571714	0.038888
8.601720	0.038937
8.631726	0.038986
8.661732	0.039036
8.691738	0.039086
8.721744	0.039136
8.751750	0.039187
8.781756	0.039239
8.811762	0.039290
8.841768	0.039343
8.871774	0.039396
8.901780	0.039449
8.931786	0.039503
8.961792	0.039557
8.991798	0.039612
9.021804	0.039667
9.051810	0.039723
9.081816	0.039779
9.111822	0.039836
9.141828	0.039893
9.171834	0.039950
9.201840	0.040008
9.231846	0.040067
9.261852	0.040126
9.291858	0.040186
9.321864	0.040246
9.351870	0.040306
9.381876	0.040367
9.411882	0.040429
9.441888	0.040491
9.471894	0.040553
9.501900	0.040616
9.531906	0.040680
9.561912	0.040743
9.591918	0.040808
9.621924	0.040873
9.651930	0.040938
9.681936	0.041004
9.711942	0.041071
9.741948	0.041138
9.771954	0.041205
9.801960	0.041273
9.831966	0.041342
9.861972	0.041410
9.891978	0.041480
9.921984	0.041550
9.951990	0.041620
9.981996	0.041691
10.012002	0.041763
10.042008	0.041835
10.072014	0.041907
10.102020	0.041980
10.132026	0.042054
10.162032	0.042128
10.192038	0.042203
10.222044	0.042278
10.252050	0.042353
10.282056	0.042430
10.312062	0.042506
10.342068	0.042583
10.372074	0.042661
10.402080	0.042739
10.432086	0.042818
10.462092	0.042897
10.492098	0.042977
10.522104	0.043058
10.552110	0.043139
10.582116	0.043220
10.612122	0.043302
10.642128	0.043384
10.672134	0.043467
10.702140	0.043551
10.732146	0.043635
10.762152	0.043720
10.792158	0.043805
10.822164	0.043891
10.852170	0.043977
10.882176	0.044064
10.912182	0.044151
10.942188	0.044239
10.972194	0.044327
11.002200	0.044416
11.032206	0.044506
11.062212	0.044596
11.092218	0.044686
11.122224	0.044778
11.152230	0.044869
11.182236	0.044962
11.212242	0.045054
11.242248	0.045148
11.272254	0.045242
11.302260	0.045336
11.332266	0.045431
11.362272	0.045527
11.392278	0.045623
11.422284	0.045720
11.452290	0.045817
11.482296	0.045915
11.512302	0.046014
11.542308	0.046113
11.572314	0.046212
11.602320	0.046312
11.632326	0.046413
11.662332	0.046514
11.692338	0.046616
11.722344	0.046719
11.752350	0.046822
11.782356	0.046925
11.812362	0.047029
11.842368	0.047134
11.872374	0.047239
11.902380	0.047345
11.932386	0.047452
11.962392	0.047559
11.992398	0.047667
12.022404	0.047775
12.052410	0.047884
12.082416	0.047993
12.112422	0.048103
12.142428	0.048214
12.172434	0.048325
12.202440	0.048437
12.232446	0.048549
12.262452	0.048662
12.292458	0.048775
12.322464	0.048890
12.352470	0.049004
12.382476	0.049120
12.412482	0.049236
12.442488	0.049352
12.472494	0.049469
12.502501	0.049587
12.532507	0.049705
12.562513	0.049824
12.592519	0.049944
12.622525	0.050064
12.652531	0.050185
12.682537	0.050306
12.712543	0.050428
12.742549	0.050551
12.772555	0.050674
12.802561	0.050798
12.832567	0.050923
12.862573	0.051048
12.892579	0.051173
12.922585	0.051300
12.952591	0.051427
12.982597	0.051554
13.012603	0.051682
13.042609	0.051811
13.072615	0.051941
13.102621	0.052071
13.132627	0.052201
13.162633	0.052333
13.192639	0.052465
13.222645	0.052597
13.252651	0.052730
13.282657	0.052864
13.312663	0.052999
13.342669	0.053134
13.372675	0.053270
13.402681	0.053406
13.432687	0.053543
13.462693	0.053681
13.492699	0.053819
13.522705	0.053958
13.552711	0.054098
13.582717	0.054238
13.612723	0.054379
13.642729	0.054520
13.672735	0.054662
13.702741	0.054805
13.732747	0.054949
13.762753	0.055093
13.792759	0.055238
13.822765	0.055383
13.852771	0.055529
13.882777	0.055676
13.912783	0.055823
13.942789	0.055971
13.972795	0.056120
14.002801	0.056269
14.032807	0.056419
14.062813	0.056570
14.092819	0.056722
14.122825	0.056874
14.152831	0.057026
14.182837	0.057180
14.212843	0.057334
14.242849	0.057488
14.272855	0.057644
14.302861	0.057800
14.332867	0.057956
14.362873	0.058114
14.392879	0.058272
14.422885	0.058431
14.452891	0.058590
14.482897	0.058750
14.512903	0.058911
14.542909	0.059072
14.572915	0.059234
14.602921	0.059397
14.632927	0.059561
14.662933	0.059725
14.692939	0.059890
14.722945	0.060055
14.752951	0.060222
14.782957	0.060389
14.812963	0.060556
14.842969	0.060724
14.872975	0.060893
14.902981	0.061063
14.932987	0.061234
14.962993	0.061405
14.992999	0.061576
15.023005	0.061749
15.053011	0.061922
15.083017	0.062096
15.113023	0.062271
15.143029	0.062446
15.173035	0.062622
15.203041	0.062799
15.233047	0.062976
15.263053	0.063154
15.293059	0.063333
15.323065	0.063512
15.353071	0.063693
15.383077	0.063874
15.413083	0.064055
15.443089	0.064238
15.473095	0.064421
15.503101	0.064604
15.533107	0.064789
15.563113	0.064974
15.593119	0.065160
15.623125	0.065347
15.653131	0.065534
15.683137	0.065722
15.713143	0.065911
15.743149	0.066101
15.773155	0.066291
15.803161	0.066482
15.833167	0.066674
15.863173	0.066866
15.893179	0.067059
15.923185	0.067253
15.953191	0.067448
15.983197	0.067643
16.013203	0.067840
16.043209	0.068036
16.073215	0.068234
16.103221	0.068432
16.133227	0.068631
16.163233	0.068831
16.193239	0.069032
16.223245	0.069233
16.253251	0.069435
16.283257	0.069638
16.313263	0.069841
16.343269	0.070046
16.373275	0.070251
16.403281	0.070456
16.433287	0.070663
16.463293	0.070870
16.493299	0.071078
16.523305	0.071287
16.553311	0.071496
16.583317	0.071707
16.613323	0.071918
16.643329	0.072129
16.673335	0.072342
16.703341	0.072555
16.733347	0.072769
16.763353	0.072984
16.793359	0.073199
16.823365	0.073416
16.853371	0.073633
16.883377	0.073851
16.913383	0.074069
16.943389	0.074289
16.973395	0.074509
17.003401	0.074730
17.033407	0.074951
17.063413	0.075174
17.093419	0.075397
17.123425	0.075621
17.153431	0.075846
17.183437	0.076071
17.213443	0.076297
17.243449	0.076524
17.273455	0.076752
17.303461	0.076981
17.333467	0.077210
17.363473	0.077440
17.393479	0.077671
17.423485	0.077903
17.453491	0.078135
17.483497	0.078369
17.513503	0.078603
17.543509	0.078838
17.573515	0.079073
17.603521	0.079310
17.633527	0.079547
17.663533	0.079785
17.693539	0.080024
17.723545	0.080263
17.753551	0.080503
17.783557	0.080745
17.813563	0.080987
17.843569	0.081229
17.873575	0.081473
17.903581	0.081717
17.933587	0.081962
17.963593	0.082208
17.993599	0.082455
18.023605	0.082702
18.053611	0.082951
18.083617	0.083200
18.113623	0.083450
18.143629	0.083700
18.173635	0.083952
18.203641	0.084204
18.233647	0.084457
18.263653	0.084711
18.293659	0.084966
18.323665	0.085221
18.353671	0.085477
18.383677	0.085735
18.413683	0.085993
18.443689	0.086251
18.473695	0.086511
18.503701	0.086771
18.533707	0.087032
18.563713	0.087294
18.593719	0.087557
18.623725	0.087821
18.653731	0.088085
18.683737	0.088350
18.713743	0.088616
18.743749	0.088883
18.773755	0.089151
18.803761	0.089419
18.833767	0.089689
18.863773	0.089959
18.893779	0.090230
18.923785	0.090502
18.953791	0.090774
18.983797	0.091048
19.013803	0.091322
19.043809	0.091597
19.073815	0.091873
19.103821	0.092149
19.133827	0.092427
19.163833	0.092705
19.193839	0.092985
19.223845	0.093265
19.253851	0.093545
19.283857	0.093827
19.313863	0.094110
19.343869	0.094393
19.373875	0.094677
19.403881	0.094962
19.433887	0.095248
19.463893	0.095535
19.493899	0.095822
19.523905	0.096110
19.553911	0.096400
19.583917	0.096690
19.613923	0.096980
19.643929	0.097272
19.673935	0.097564
19.703941	0.097858
19.733947	0.098152
19.763953	0.098447
19.793959	0.098743
19.823965	0.099040
19.853971	0.099337
19.883977	0.099635
19.913983	0.099935
19.943989	0.100235
19.973995	0.100536
20.004001	0.100837
20.034007	0.101140
20.064013	0.101443
20.094019	0.101748
20.124025	0.102053
20.154031	0.102359
20.184037	0.102666
20.214043	0.102973
20.244049	0.103282
20.274055	0.103591
20.304061	0.103901
20.334067	0.104212
20.364073	0.104524
20.394079	0.104837
20.424085	0.105150
20.454091	0.105465
20.484097	0.105780
20.514103	0.106096
20.544109	0.106413
20.574115	0.106731
20.604121	0.107050
20.634127	0.107369
20.664133	0.107690
20.694139	0.108011
20.724145	0.108333
20.754151	0.108656
20.784157	0.108980
20.814163	0.109305
20.844169	0.109630
20.874175	0.109956
20.904181	0.110284
20.934187	0.110612
20.964193	0.110941
20.994199	0.111270
21.024205	0.111601
21.054211	0.111933
21.084217	0.112265
21.114223	0.112598
21.144229	0.112932
21.174235	0.113267
21.204241	0.113603
21.234247	0.113940
21.264253	0.114277
21.294259	0.114615
21.324265	0.114955
21.354271	0.115295
21.384277	0.115636
21.414283	0.115978
21.444289	0.116320
21.474295	0.116664
21.504301	0.117008
21.534307	0.117353
21.564313	0.117699
21.594319	0.118046
21.624325	0.118394
21.654331	0.118743
21.684337	0.119092
21.714343	0.119443
21.744349	0.119794
21.774355	0.120146
21.804361	0.120499
21.834367	0.120853
21.864373	0.121208
21.894379	0.121563
21.924385	0.121920
21.954391	0.122277
21.984397	0.122635
22.014403	0.122994
22.044409	0.123354
22.074415	0.123715
22.104421	0.124076
22.134427	0.124439
22.164433	0.124802
22.194439	0.125166
22.224445	0.125531
22.254451	0.125897
22.284457	0.126264
22.314463	0.126632
22.344469	0.127000
22.374475	0.127370
22.404481	0.127740
22.434487	0.128111
22.464493	0.128483
22.494499	0.128856
22.524505	0.129229
22.554511	0.129604
22.584517	0.129979
22.614523	0.130355
22.644529	0.130732
22.674535	0.131110
22.704541	0.131489
22.734547	0.131869
22.764553	0.132249
22.794559	0.132631
22.824565	0.133013
22.854571	0.133396
22.884577	0.133780
22.914583	0.134165
22.944589	0.134551
22.974595	0.134937
23.004601	0.135325
23.034607	0.135713
23.064613	0.136102
23.094619	0.136492
23.124625	0.136883
23.154631	0.137274
23.184637	0.137667
23.214643	0.138060
23.244649	0.138455
23.274655	0.138850
23.304661	0.139246
23.334667	0.139642
23.364673	0.140040
23.394679	0.140439
23.424685	0.140838
23.454691	0.141238
23.484697	0.141639
23.514703	0.142041
23.544709	0.142444
23.574715	0.142848
23.604721	0.143252
23.634727	0.143657
23.664733	0.144064
23.694739	0.144471
23.724745	0.144878
23.754751	0.145287
23.784757	0.145697
23.814763	0.146107
23.844769	0.146518
23.874775	0.146930
23.904781	0.147343
23.934787	0.147757
23.964793	0.148172
23.994799	0.148587
24.024805	0.149004
24.054811	0.149421
24.084817	0.149839
24.114823	0.150258
24.144829	0.150677
24.174835	0.151098
24.204841	0.151519
24.234847	0.151941
24.264853	0.152364
24.294859	0.152788
24.324865	0.153213
24.354871	0.153638
24.384877	0.154065
24.414883	0.154492
24.444889	0.154920
24.474895	0.155349
24.504901	0.155779
24.534907	0.156209
24.564913	0.156640
24.594919	0.157073
24.624925	0.157506
24.654931	0.157939
24.684937	0.158374
24.714943	0.158810
24.744949	0.159246
24.774955	0.159683
24.804961	0.160121
24.834967	0.160560
24.864973	0.160999
24.894979	0.161440
24.924985	0.161881
24.954991	0.162323
24.984997	0.162766
25.015003	0.163210
25.045009	0.163654
25.075015	0.164100
25.105021	0.164546
25.135027	0.164993
25.165033	0.165440
25.195039	0.165889
25.225045	0.166338
25.255051	0.166788
25.285057	0.167239
25.315063	0.167691
25.345069	0.168144
25.375075	0.168597
25.405081	0.169051
25.435087	0.169506
25.465093	0.169962
25.495099	0.170419
25.525105	0.170876
25.555111	0.171334
25.585117	0.171793
25.615123	0.172253
25.645129	0.172714
25.675135	0.173175
25.705141	0.173637
25.735147	0.174100
25.765153	0.174564
25.795159	0.175029
25.825165	0.175494
25.855171	0.175960
25.885177	0.176427
25.915183	0.176894
25.945189	0.177363
25.975195	0.177832
26.005201	0.178302
26.035207	0.178773
26.065213	0.179244
26.095219	0.179717
26.125225	0.180190
26.155231	0.180664
26.185237	0.181138
26.215243	0.181614
26.245249	0.182090
26.275255	0.182567
26.305261	0.183045
26.335267	0.183523
26.365273	0.184002
26.395279	0.184482
26.425285	0.184963
26.455291	0.185444
26.485297	0.185927
26.515303	0.186410
26.545309	0.186893
26.575315	0.187378
26.605321	0.187863
26.635327	0.188349
26.665333	0.188836
26.695339	0.189323
26.725345	0.189811
26.755351	0.190300
26.785357	0.190790
26.815363	0.191281
26.845369	0.191772
26.875375	0.192264
26.905381	0.192756
26.935387	0.193250
26.965393	0.193744
26.995399	0.194238
27.025405	0.194734
27.055411	0.195230
27.085417	0.195727
27.115423	0.196225
27.145429	0.196723
27.175435	0.197222
27.205441	0.197722
27.235447	0.198223
27.265453	0.198724
27.295459	0.199226
27.325465	0.199729
27.355471	0.200232
27.385477	0.200736
27.415483	0.201241
27.445489	0.201747
27.475495	0.202253
27.505501	0.202760
27.535507	0.203267
27.565513	0.203775
27.595519	0.204284
27.625525	0.204794
27.655531	0.205304
27.685537	0.205815
27.715543	0.206327
27.745549	0.206839
27.775555	0.207353
27.805561	0.207866
27.835567	0.208381
27.865573	0.208896
27.895579	0.209411
27.925585	0.209928
27.955591	0.210445
27.985597	0.210963
28.015603	0.211481
28.045609	0.212000
28.075615	0.212520
28.105621	0.213040
28.135627	0.213561
28.165633	0.214083
28.195639	0.214605
28.225645	0.215128
28.255651	0.215652
28.285657	0.216176
28.315663	0.216701
28.345669	0.217226
28.375675	0.217753
28.405681	0.218279
28.435687	0.218807
28.465693	0.219335
28.495699	0.219863
28.525705	0.220393
28.555711	0.220923
28.585717	0.221453
28.615723	0.221984
28.645729	0.222516
28.675735	0.223048
28.705741	0.223581
28.735747	0.224115
28.765753	0.224649
28.795759	0.225184
28.825765	0.225719
28.855771	0.226255
28.885777	0.226792
28.915783	0.227329
28.945789	0.227867
28.975795	0.228405
29.005801	0.228944
29.035807	0.229484
29.065813	0.230024
29.095819	0.230564
29.125825	0.231106
29.155831	0.231648
29.185837	0.232190
29.215843	0.232733
29.245849	0.233276
29.275855	0.233820
29.305861	0.234365
29.335867	0.234910
29.365873	0.235456
29.395879	0.236002
29.425885	0.236549
29.455891	0.237097
29.485897	0.237645
29.515903	0.238193
29.545909	0.238742
29.575915	0.239292
29.605921	0.239842
29.635927	0.240392
29.665933	0.240944
29.695939	0.241495
29.725945	0.242047
29.755951	0.242600
29.785957	0.243153
29.815963	0.243707
29.845969	0.244261
29.875975	0.244816
29.905981	0.245371
29.935987	0.245927
29.965993	0.246483
29.995999	0.247040
30.026005	0.247598
30.056011	0.248155
30.086017	0.248714
30.116023	0.249272
30.146029	0.249832
30.176035	0.250391
30.206041	0.250951
30.236047	0.251512
30.266053	0.252073
30.296059	0.252635
30.326065	0.253197
30.356071	0.253759
30.386077	0.254322
30.416083	0.254886
30.446089	0.255450
30.476095	0.256014
30.506101	0.256579
30.536107	0.257144
30.566113	0.257710
30.596119	0.258276
30.626125	0.258843
30.656131	0.259410
30.686137	0.259977
30.716143	0.260545
30.746149	0.261113
30.776155	0.261682
30.806161	0.262251
30.836167	0.262821
30.866173	0.263391
30.896179	0.263961
30.926185	0.264532
30.956191	0.265103
30.986197	0.265675
31.016203	0.266247
31.046209	0.266819
31.076215	0.267392
31.106221	0.267965
31.136227	0.268538
31.166233	0.269112
31.196239	0.269687
31.226245	0.270261
31.256251	0.270837
31.286257	0.271412
31.316263	0.271988
31.346269	0.272564
31.376275	0.273140
31.406281	0.273717
31.436287	0.274295
31.466293	0.274872
31.496299	0.275450
31.526305	0.276028
31.556311	0.276607
31.586317	0.277186
31.616323	0.277765
31.646329	0.278345
31.676335	0.278925
31.706341	0.279505
31.736347	0.280086
31.766353	0.280667
31.796359	0.281248
31.826365	0.281830
31.856371	0.282412
31.886377	0.282994
31.916383	0.283576
31.946389	0.284159
31.976395	0.284742
32.006401	0.285326
32.036407	0.285909
32.066413	0.286493
32.096419	0.287078
32.126425	0.287662
32.156431	0.288247
32.186437	0.288832
32.216443	0.289418
32.246449	0.290003
32.276455	0.290589
32.306461	0.291175
32.336467	0.291762
32.366473	0.292348
32.396479	0.292935
32.426485	0.293523
32.456491	0.294110
32.486497	0.294698
32.516503	0.295286
32.546509	0.295874
32.576515	0.296462
32.606521	0.297051
32.636527	0.297640
32.666533	0.298229
32.696539	0.298818
32.726545	0.299408
32.756551	0.299997
32.786557	0.300587
32.816563	0.301177
32.846569	0.301768
32.876575	0.302358
32.906581	0.302949
32.936587	0.303540
32.966593	0.304131
32.996599	0.304722
33.026605	0.305314
33.056611	0.305906
33.086617	0.306497
33.116623	0.307089
33.146629	0.307682
33.176635	0.308274
33.206641	0.308866
33.236647	0.309459
33.266653	0.310052
33.296659	0.310645
33.326665	0.311238
33.356671	0.311831
33.386677	0.312425
33.416683	0.313018
33.446689	0.313612
33.476695	0.314206
33.506701	0.314800
33.536707	0.315394
33.566713	0.315988
33.596719	0.316583
33.626725	0.317177
33.656731	0.317772
33.686737	0.318366
33.716743	0.318961
33.746749	0.319556
33.776755	0.320151
33.806761	0.320746
33.836767	0.321341
33.866773	0.321937
33.896779	0.322532
33.926785	0.323127
33.956791	0.323723
33.986797	0.324319
34.016803	0.324914
34.046809	0.325510
34.076815	0.326106
34.106821	0.326702
34.136827	0.327298
34.166833	0.327894
34.196839	0.328490
34.226845	0.329086
34.256851	0.329682
34.286857	0.330278
34.316863	0.330874
34.346869	0.331471
34.376875	0.332067
34.406881	0.332663
34.436887	0.333260
34.466893	0.333856
34.496899	0.334452
34.526905	0.335049
34.556911	0.335645
34.586917	0.336242
34.616923	0.336838
34.646929	0.337435
34.676935	0.338031
34.706941	0.338627
34.736947	0.339224
34.766953	0.339820
34.796959	0.340417
34.826965	0.341013
34.856971	0.341610
34.886977	0.342206
34.916983	0.342802
34.946989	0.343399
34.976995	0.343995
35.007001	0.344591
35.037007	0.345187
35.067013	0.345783
35.097019	0.346379
35.127025	0.346976
35.157031	0.347572
35.187037	0.348168
35.217043	0.348763
35.247049	0.349359
35.277055	0.349955
35.307061	0.350551
35.337067	0.351146
35.367073	0.351742
35.397079	0.352337
35.427085	0.352933
35.457091	0.353528
35.487097	0.354123
35.517103	0.354718
35.547109	0.355313
35.577115	0.355908
35.607121	0.356503
35.637127	0.357098
35.667133	0.357693
35.697139	0.358287
35.727145	0.358882
35.757151	0.359476
35.787157	0.360070
35.817163	0.360664
35.847169	0.361258
35.877175	0.361852
35.907181	0.362445
35.937187	0.363039
35.967193	0.363632
35.997199	0.364226
36.027205	0.364819
36.057211	0.365412
36.087217	0.366004
36.117223	0.366597
36.147229	0.367190
36.177235	0.367782
36.207241	0.368374
36.237247	0.368966
36.267253	0.369558
36.297259	0.370150
36.327265	0.370741
36.357271	0.371332
36.387277	0.371924
36.417283	0.372514
36.447289	0.373105
36.477295	0.373696
36.507301	0.374286
36.537307	0.374876
36.567313	0.375466
36.597319	0.376056
36.627325	0.376646
36.657331	0.377235
36.687337	0.377824
36.717343	0.378413
36.747349	0.379002
36.777355	0.379590
36.807361	0.380179
36.837367	0.380767
36.867373	0.381355
36.897379	0.381942
36.927385	0.382530
36.957391	0.383117
36.987397	0.383704
37.017403	0.384290
37.047409	0.384877
37.077415	0.385463
37.107421	0.386049
37.137427	0.386634
37.167433	0.387220
37.197439	0.387805
37.227445	0.388390
37.257451	0.388974
37.287457	0.389559
37.317463	0.390143
37.347469	0.390726
37.377475	0.391310
37.407481	0.391893
37.437487	0.392476
37.467493	0.393059
37.497499	0.393641
37.527506	0.394223
37.557512	0.394805
37.587518	0.395387
37.617524	0.395968
37.647530	0.396549
37.677536	0.397129
37.707542	0.397710
37.737548	0.398290
37.767554	0.398869
37.797560	0.399449
37.827566	0.400028
37.857572	0.400606
37.887578	0.401185
37.917584	0.401763
37.947590	0.402340
37.977596	0.402918
38.007602	0.403495
38.037608	0.404072
38.067614	0.404648
38.097620	0.405224
38.127626	0.405800
38.157632	0.406375
38.187638	0.406950
38.217644	0.407525
38.247650	0.408099
38.277656	0.408673
38.307662	0.409247
38.337668	0.409820
38.367674	0.410393
38.397680	0.410966
38.427686	0.411538
38.457692	0.412109
38.487698	0.412681
38.517704	0.413252
38.547710	0.413823
38.577716	0.414393
38.607722	0.414963
38.637728	0.415532
38.667734	0.416101
38.697740	0.416670
38.727746	0.417238
38.757752	0.417806
38.787758	0.418374
38.817764	0.418941
38.847770	0.419508
38.877776	0.420074
38.907782	0.420640
38.937788	0.421206
38.967794	0.421771
38.997800	0.422335
39.027806	0.422900
39.057812	0.423464
39.087818	0.424027
39.117824	0.424590
39.147830	0.425153
39.177836	0.425715
39.207842	0.426277
39.237848	0.426838
39.267854	0.427399
39.297860	0.427959
39.327866	0.428520
39.357872	0.429079
39.387878	0.429638
39.417884	0.430197
39.447890	0.430755
39.477896	0.431313
39.507902	0.431870
39.537908	0.432427
39.567914	0.432984
39.597920	0.433540
39.627926	0.434095
39.657932	0.434651
39.687938	0.435205
39.717944	0.435759
39.747950	0.436313
39.777956	0.436866
39.807962	0.437419
39.837968	0.437971
39.867974	0.438523
39.897980	0.439075
39.927986	0.439625
39.957992	0.440176
39.987998	0.440726
40.018004	0.441275
40.048010	0.441824
40.078016	0.442373
40.108022	0.442921
40.138028	0.443468
40.168034	0.444015
40.198040	0.444562
40.228046	0.445108
40.258052	0.445653
40.288058	0.446198
40.318064	0.446743
40.348070	0.447287
40.378076	0.447830
40.408082	0.448373
40.438088	0.448916
40.468094	0.449458
40.498100	0.449999
40.528106	0.450540
40.558112	0.451081
40.588118	0.451621
40.618124	0.452160
40.648130	0.452699
40.678136	0.453238
40.708142	0.453776
40.738148	0.454313
40.768154	0.454850
40.798160	0.455386
40.828166	0.455922
40.858172	0.456457
40.888178	0.456992
40.918184	0.457526
40.948190	0.458060
40.978196	0.458593
41.008202	0.459125
41.038208	0.459657
41.068214	0.460189
41.098220	0.460720
41.128226	0.461250
41.158232	0.461780
41.188238	0.462309
41.218244	0.462838
41.248250	0.463367
41.278256	0.463894
41.308262	0.464421
41.338268	0.464948
41.368274	0.465474
41.398280	0.465999
41.428286	0.466524
41.458292	0.467049
41.488298	0.467573
41.518304	0.468096
41.548310	0.468619
41.578316	0.469141
41.608322	0.469662
41.638328	0.470183
41.668334	0.470704
41.698340	0.471223
41.728346	0.471743
41.758352	0.472262
41.788358	0.472780
41.818364	0.473297
41.848370	0.473814
41.878376	0.474331
41.908382	0.474847
41.938388	0.475362
41.968394	0.475877
41.998400	0.476391
42.028406	0.476904
42.058412	0.477417
42.088418	0.477930
42.118424	0.478441
42.148430	0.478953
42.178436	0.479463
42.208442	0.479973
42.238448	0.480483
42.268454	0.480992
42.298460	0.481500
42.328466	0.482008
42.358472	0.482515
42.388478	0.483021
42.418484	0.483527
42.448490	0.484032
42.478496	0.484537
42.508502	0.485041
42.538508	0.485545
42.568514	0.486048
42.598520	0.486550
42.628526	0.487052
42.658532	0.487553
42.688538	0.488054
42.718544	0.488553
42.748550	0.489053
42.778556	0.489552
42.808562	0.490050
42.838568	0.490547
42.868574	0.491044
42.898580	0.491540
42.928586	0.492036
42.958592	0.492531
42.988598	0.493026
43.018604	0.493520
43.048610	0.494013
43.078616	0.494506
43.108622	0.494998
43.138628	0.495489
43.168634	0.495980
43.198640	0.496470
43.228646	0.496960
43.258652	0.497449
43.288658	0.497937
43.318664	0.498425
43.348670	0.498912
43.378676	0.499398
43.408682	0.499884
43.438688	0.500369
43.468694	0.500854
43.498700	0.501338
43.528706	0.501822
43.558712	0.502304
43.588718	0.502787
43.618724	0.503268
43.648730	0.503749
43.678736	0.504229
43.708742	0.504709
43.738748	0.505188
43.768754	0.505666
43.798760	0.506144
43.828766	0.506621
43.858772	0.507098
43.888778	0.507574
43.918784	0.508049
43.948790	0.508524
43.978796	0.508998
44.008802	0.509471
44.038808	0.509944
44.068814	0.510416
44.098820	0.510888
44.128826	0.511359
44.158832	0.511829
44.188838	0.512299
44.218844	0.512768
44.248850	0.513236
44.278856	0.513704
44.308862	0.514171
44.338868	0.514638
44.368874	0.515103
44.398880	0.515569
44.428886	0.516033
44.458892	0.516497
44.488898	0.516961
44.518904	0.517423
44.548910	0.517885
44.578916	0.518347
44.608922	0.518808
44.638928	0.519268
44.668934	0.519727
44.698940	0.520186
44.728946	0.520644
44.758952	0.521102
44.788958	0.521559
44.818964	0.522015
44.848970	0.522471
44.878976	0.522926
44.908982	0.523381
44.938988	0.523835
44.968994	0.524288
44.999000	0.524740
45.029006	0.525192
45.059012	0.525644
45.089018	0.526094
45.119024	0.526544
45.149030	0.526994
45.179036	0.527442
45.209042	0.527890
45.239048	0.528338
45.269054	0.528785
45.299060	0.529231
45.329066	0.529676
45.359072	0.530121
45.389078	0.530566
45.419084	0.531009
45.449090	0.531452
45.479096	0.531895
45.509102	0.532337
45.539108	0.532778
45.569114	0.533218
45.599120	0.533658
45.629126	0.534097
45.659132	0.534536
45.689138	0.534974
45.719144	0.535411
45.749150	0.535848
45.779156	0.536284
45.809162	0.536719
45.839168	0.537154
45.869174	0.537588
45.899180	0.538021
45.929186	0.538454
45.959192	0.538887
45.989198	0.539318
46.019204	0.539749
46.049210	0.540179
46.079216	0.540609
46.109222	0.541038
46.139228	0.541467
46.169234	0.541894
46.199240	0.542322
46.229246	0.542748
46.259252	0.543174
46.289258	0.543599
46.319264	0.544024
46.349270	0.544448
46.379276	0.544871
46.409282	0.545294
46.439288	0.545716
46.469294	0.546138
46.499300	0.546559
46.529306	0.546979
46.559312	0.547398
46.589318	0.547817
46.619324	0.548236
46.649330	0.548653
46.679336	0.549070
46.709342	0.549487
46.739348	0.549903
46.769354	0.550318
46.799360	0.550733
46.829366	0.551147
46.859372	0.551560
46.889378	0.551973
46.919384	0.552385
46.949390	0.552796
46.979396	0.553207
47.009402	0.553617
47.039408	0.554027
47.069414	0.554436
47.099420	0.554844
47.129426	0.555252
47.159432	0.555659
47.189438	0.556065
47.219444	0.556471
47.249450	0.556876
47.279456	0.557281
47.309462	0.557685
47.339468	0.558088
47.369474	0.558491
47.399480	0.558893
47.429486	0.559295
47.459492	0.559696
47.489498	0.560096
47.519504	0.560496
47.549510	0.560895
47.579516	0.561293
47.609522	0.561691
47.639528	0.562088
47.669534	0.562485
47.699540	0.562881
47.729546	0.563276
47.759552	0.563671
47.789558	0.564065
47.819564	0.564459
47.849570	0.564852
47.879576	0.565244
47.909582	0.565636
47.939588	0.566027
47.969594	0.566417
47.999600	0.566807
48.029606	0.567196
48.059612	0.567585
48.089618	0.567973
48.119624	0.568361
48.149630	0.568748
48.179636	0.569134
48.209642	0.569519
48.239648	0.569905
48.269654	0.570289
48.299660	0.570673
48.329666	0.571056
48.359672	0.571439
48.389678	0.571821
48.419684	0.572202
48.449690	0.572583
48.479696	0.572963
48.509702	0.573343
48.539708	0.573722
48.569714	0.574101
48.599720	0.574479
48.629726	0.574856
48.659732	0.575233
48.689738	0.575609
48.719744	0.575984
48.749750	0.576359
48.779756	0.576733
48.809762	0.577107
48.839768	0.577480
48.869774	0.577853
48.899780	0.578225
48.929786	0.578596
48.959792	0.578967
48.989798	0.579337
49.019804	0.579707
49.049810	0.580076
49.079816	0.580445
49.109822	0.580812
49.139828	0.581180
49.169834	0.581546
49.199840	0.581913
49.229846	0.582278
49.259852	0.582643
49.289858	0.583008
49.319864	0.583371
49.349870	0.583735
49.379876	0.584097
49.409882	0.584459
49.439888	0.584821
49.469894	0.585182
49.499900	0.585542
49.529906	0.585902
49.559912	0.586261
49.589918	0.586620
49.619924	0.586978
49.649930	0.587336
49.679936	0.587693
49.709942	0.588049
49.739948	0.588405
49.769954	0.588760
49.799960	0.589115
49.829966	0.589469
49.859972	0.589823
49.889978	0.590176
49.919984	0.590528
49.949990	0.590880
49.979996	0.591232
50.010002	0.591582
50.040008	0.591933
50.070014	0.592282
50.100020	0.592631
50.130026	0.592980
50.160032	0.593328
50.190038	0.593675
50.220044	0.594022
50.250050	0.594369
50.280056	0.594714
50.310062	0.595060
50.340068	0.595404
50.370074	0.595749
50.400080	0.596092
50.430086	0.596435
50.460092	0.596778
50.490098	0.597120
50.520104	0.597461
50.550110	0.597802
50.580116	0.598142
50.610122	0.598482
50.640128	0.598822
50.670134	0.599160
50.700140	0.599498
50.730146	0.599836
50.760152	0.600173
50.790158	0.600510
50.820164	0.600846
50.850170	0.601181
50.880176	0.601516
50.910182	0.601851
50.940188	0.602185
50.970194	0.602518
51.000200	0.602851
51.030206	0.603183
51.060212	0.603515
51.090218	0.603846
51.120224	0.604177
51.150230	0.604507
51.180236	0.604837
51.210242	0.605166
51.240248	0.605495
51.270254	0.605823
51.300260	0.606151
51.330266	0.606478
51.360272	0.606804
51.390278	0.607130
51.420284	0.607456
51.450290	0.607781
51.480296	0.608106
51.510302	0.608430
51.540308	0.608753
51.570314	0.609076
51.600320	0.609399
51.630326	0.609721
51.660332	0.610042
51.690338	0.610363
51.720344	0.610683
51.750350	0.611003
51.780356	0.611323
51.810362	0.611642
51.840368	0.611960
51.870374	0.612278
51.900380	0.612595
51.930386	0.612912
51.960392	0.613229
51.990398	0.613545
52.020404	0.613860
52.050410	0.614175
52.080416	0.614490
52.110422	0.614804
52.140428	0.615117
52.170434	0.615430
52.200440	0.615742
52.230446	0.616054
52.260452	0.616366
52.290458	0.616677
52.320464	0.616987
52.350470	0.617297
52.380476	0.617607
52.410482	0.617916
52.440488	0.618225
52.470494	0.618533
52.500500	0.618840
52.530506	0.619147
52.560512	0.619454
52.590518	0.619760
52.620524	0.620066
52.650530	0.620371
52.680536	0.620676
52.710542	0.620980
52.740548	0.621284
52.770554	0.621587
52.800560	0.621890
52.830566	0.622193
52.860572	0.622495
52.890578	0.622796
52.920584	0.623097
52.950590	0.623398
52.980596	0.623698
53.010602	0.623997
53.040608	0.624296
53.070614	0.624595
53.100620	0.624893
53.130626	0.625191
53.160632	0.625488
53.190638	0.625785
53.220644	0.626081
53.250650	0.626377
53.280656	0.626673
53.310662	0.626968
53.340668	0.627262
53.370674	0.627556
53.400680	0.627850
53.430686	0.628143
53.460692	0.628436
53.490698	0.628728
53.520704	0.629020
53.550710	0.629312
53.580716	0.629603
53.610722	0.629893
53.640728	0.630183
53.670734	0.630473
53.700740	0.630762
53.730746	0.631051
53.760752	0.631339
53.790758	0.631627
53.820764	0.631914
53.850770	0.632201
53.880776	0.632488
53.910782	0.632774
53.940788	0.633060
53.970794	0.633345
54.000800	0.633630
54.030806	0.633914
54.060812	0.634198
54.090818	0.634482
54.120824	0.634765
54.150830	0.635048
54.180836	0.635330
54.210842	0.635612
54.240848	0.635893
54.270854	0.636174
54.300860	0.636455
54.330866	0.636735
54.360872	0.637015
54.390878	0.637294
54.420884	0.637573
54.450890	0.637851
54.480896	0.638129
54.510902	0.638407
54.540908	0.638684
54.570914	0.638961
54.600920	0.639238
54.630926	0.639514
54.660932	0.639789
54.690938	0.640064
54.720944	0.640339
54.750950	0.640614
54.780956	0.640888
54.810962	0.641161
54.840968	0.641434
54.870974	0.641707
54.900980	0.641979
54.930986	0.642251
54.960992	0.642523
54.990998	0.642794
55.021004	0.643065
55.051010	0.643335
55.081016	0.643605
55.111022	0.643875
55.141028	0.644144
55.171034	0.644413
55.201040	0.644681
55.231046	0.644949
55.261052	0.645217
55.291058	0.645484
55.321064	0.645751
55.351070	0.646018
55.381076	0.646284
55.411082	0.646549
55.441088	0.646815
55.471094	0.647080
55.501100	0.647344
55.531106	0.647608
55.561112	0.647872
55.591118	0.648136
55.621124	0.648399
55.651130	0.648661
55.681136	0.648924
55.711142	0.649186
55.741148	0.649447
55.771154	0.649708
55.801160	0.649969
55.831166	0.650230
55.861172	0.650490
55.891178	0.650749
55.921184	0.651009
55.951190	0.651268
55.981196	0.651526
56.011202	0.651784
56.041208	0.652042
56.071214	0.652300
56.101220	0.652557
56.131226	0.652814
56.161232	0.653070
56.191238	0.653326
56.221244	0.653582
56.251250	0.653837
56.281256	0.654092
56.311262	0.654347
56.341268	0.654601
56.371274	0.654855
56.401280	0.655109
56.431286	0.655362
56.461292	0.655615
56.491298	0.655868
56.521304	0.656120
56.551310	0.656372
56.581316	0.656623
56.611322	0.656874
56.641328	0.657125
56.671334	0.657376
56.701340	0.657626
56.731346	0.657875
56.761352	0.658125
56.791358	0.658374
56.821364	0.658623
56.851370	0.658871
56.881376	0.659119
56.911382	0.659367
56.941388	0.659615
56.971394	0.659862
57.001400	0.660108
57.031406	0.660355
57.061412	0.660601
57.091418	0.660847
57.121424	0.661092
57.151430	0.661337
57.181436	0.661582
57.211442	0.661827
57.241448	0.662071
57.271454	0.662315
57.301460	0.662558
57.331466	0.662801
57.361472	0.663044
57.391478	0.663287
57.421484	0.663529
57.451490	0.663771
57.481496	0.664012
57.511502	0.664254
57.541508	0.664494
57.571514	0.664735
57.601520	0.664975
57.631526	0.665215
57.661532	0.665455
57.691538	0.665695
57.721544	0.665934
57.751550	0.666172
57.781556	0.666411
57.811562	0.666649
57.841568	0.666887
57.871574	0.667124
57.901580	0.667362
57.931586	0.667599
57.961592	0.667835
57.991598	0.668072
58.021604	0.668308
58.051610	0.668543
58.081616	0.668779
58.111622	0.669014
58.141628	0.669249
58.171634	0.669483
58.201640	0.669718
58.231646	0.669952
58.261652	0.670185
58.291658	0.670419
58.321664	0.670652
58.351670	0.670885
58.381676	0.671117
58.411682	0.671349
58.441688	0.671581
58.471694	0.671813
58.501700	0.672044
58.531706	0.672275
58.561712	0.672506
58.591718	0.672737
58.621724	0.672967
58.651730	0.673197
58.681736	0.673426
58.711742	0.673656
58.741748	0.673885
58.771754	0.674114
58.801760	0.674342
58.831766	0.674571
58.861772	0.674799
58.891778	0.675026
58.921784	0.675254
58.951790	0.675481
58.981796	0.675708
59.011802	0.675935
59.041808	0.676161
59.071814	0.676387
59.101820	0.676613
59.131826	0.676838
59.161832	0.677064
59.191838	0.677289
59.221844	0.677514
59.251850	0.677738
59.281856	0.677962
59.311862	0.678186
59.341868	0.678410
59.371874	0.678634
59.401880	0.678857
59.431886	0.679080
59.461892	0.679302
59.491898	0.679525
59.521904	0.679747
59.551910	0.679969
59.581916	0.680191
59.611922	0.680412
59.641928	0.680633
59.671934	0.680854
59.701940	0.681075
59.731946	0.681295
59.761952	0.681516
59.791958	0.681735
59.821964	0.681955
59.851970	0.682175
59.881976	0.682394
59.911982	0.682613
59.941988	0.682831
59.971994	0.683050
60.002000	0.683268
60.032006	0.683486
60.062012	0.683704
60.092018	0.683921
60.122024	0.684139
60.152030	0.684356
60.182036	0.684572
60.212042	0.684789
60.242048	0.685005
60.272054	0.685221
60.302060	0.685437
60.332066	0.685653
60.362072	0.685868
60.392078	0.686083
60.422084	0.686298
60.452090	0.686513
60.482096	0.686728
60.512102	0.686942
60.542108	0.687156
60.572114	0.687370
60.602120	0.687583
60.632126	0.687796
60.662132	0.688010
60.692138	0.688223
60.722144	0.688435
60.752150	0.688648
60.782156	0.688860
60.812162	0.689072
60.842168	0.689284
60.872174	0.689495
60.902180	0.689707
60.932186	0.689918
60.962192	0.690129
60.992198	0.690339
61.022204	0.690550
61.052210	0.690760
61.082216	0.690970
61.112222	0.691180
61.142228	0.691390
61.172234	0.691599
61.202240	0.691809
61.232246	0.692018
61.262252	0.692226
61.292258	0.692435
61.322264	0.692644
61.352270	0.692852
61.382276	0.693060
61.412282	0.693268
61.442288	0.693475
61.472294	0.693683
61.502300	0.693890
61.532306	0.694097
61.562312	0.694304
61.592318	0.694510
61.622324	0.694717
61.652330	0.694923
61.682336	0.695129
61.712342	0.695335
61.742348	0.695540
61.772354	0.695746
61.802360	0.695951
61.832366	0.696156
61.862372	0.696361
61.892378	0.696566
61.922384	0.696770
61.952390	0.696974
61.982396	0.697178
62.012402	0.697382
62.042408	0.697586
62.072414	0.697790
62.102420	0.697993
62.132426	0.698196
62.162432	0.698399
62.192438	0.698602
62.222444	0.698805
62.252450	0.699007
62.282456	0.699209
62.312462	0.699411
62.342468	0.699613
62.372474	0.699815
62.402480	0.700017
62.432486	0.700218
62.462492	0.700419
62.492498	0.700620
62.522505	0.700821
62.552511	0.701022
62.582517	0.701222
62.612523	0.701423
62.642529	0.701623
62.672535	0.701823
62.702541	0.702023
62.732547	0.702222
62.762553	0.702422
62.792559	0.702621
62.822565	0.702820
62.852571	0.703019
62.882577	0.703218
62.912583	0.703417
62.942589	0.703615
62.972595	0.703814
63.002601	0.704012
63.032607	0.704210
63.062613	0.704408
63.092619	0.704605
63.122625	0.704803
63.152631	0.705000
63.182637	0.705197
63.212643	0.705394
63.242649	0.705591
63.272655	0.705788
63.302661	0.705985
63.332667	0.706181
63.362673	0.706377
63.392679	0.706573
63.422685	0.706769
63.452691	0.706965
63.482697	0.707161
63.512703	0.707356
63.542709	0.707552
63.572715	0.707747
63.602721	0.707942
63.632727	0.708137
63.662733	0.708332
63.692739	0.708526
63.722745	0.708721
63.752751	0.708915
63.782757	0.709109
63.812763	0.709303
63.842769	0.709497
63.872775	0.709691
63.902781	0.709885
63.932787	0.710078
63.962793	0.710272
63.992799	0.710465
64.022805	0.710658
64.052811	0.710851
64.082817	0.711044
64.112823	0.711236
64.142829	0.711429
64.172835	0.711621
64.202841	0.711814
64.232847	0.712006
64.262853	0.712198
64.292859	0.712390
64.322865	0.712581
64.352871	0.712773
64.382877	0.712964
64.412883	0.713156
64.442889	0.713347
64.472895	0.713538
64.502901	0.713729
64.532907	0.713920
64.562913	0.714111
64.592919	0.714301
64.622925	0.714492
64.652931	0.714682
64.682937	0.714872
64.712943	0.715062
64.742949	0.715252
64.772955	0.715442
64.802961	0.715632
64.832967	0.715821
64.862973	0.716011
64.892979	0.716200
64.922985	0.716390
64.952991	0.716579
64.982997	0.716768
65.013003	0.716957
65.043009	0.717145
65.073015	0.717334
65.103021	0.717523
65.133027	0.717711
65.163033	0.717899
65.193039	0.718088
65.223045	0.718276
65.253051	0.718464
65.283057	0.718652
65.313063	0.718839
65.343069	0.719027
65.373075	0.719215
65.403081	0.719402
65.433087	0.719590
65.463093	0.719777
65.493099	0.719964
65.523105	0.720151
65.553111	0.720338
65.583117	0.720525
65.613123	0.720711
65.643129	0.720898
65.673135	0.721085
65.703141	0.721271
65.733147	0.721457
65.763153	0.721644
65.793159	0.721830
65.823165	0.722016
65.853171	0.722202
65.883177	0.722388
65.913183	0.722573
65.943189	0.722759
65.973195	0.722945
66.003201	0.723130
66.033207	0.723315
66.063213	0.723501
66.093219	0.723686
66.123225	0.723871
66.153231	0.724056
66.183237	0.724241
66.213243	0.724426
66.243249	0.724610
66.273255	0.724795
66.303261	0.724980
66.333267	0.725164
66.363273	0.725348
66.393279	0.725533
66.423285	0.725717
66.453291	0.725901
66.483297	0.726085
66.513303	0.726269
66.543309	0.726453
66.573315	0.726637
66.603321	0.726820
66.633327	0.727004
66.663333	0.727188
66.693339	0.727371
66.723345	0.727554
66.753351	0.727738
66.783357	0.727921
66.813363	0.728104
66.843369	0.728287
66.873375	0.728470
66.903381	0.728653
66.933387	0.728836
66.963393	0.729019
66.993399	0.729201
67.023405	0.729384
67.053411	0.729567
67.083417	0.729749
67.113423	0.729931
67.143429	0.730114
67.173435	0.730296
67.203441	0.730478
67.233447	0.730660
67.263453	0.730842
67.293459	0.731024
67.323465	0.731206
67.353471	0.731388
67.383477	0.731570
67.413483	0.731752
67.443489	0.731933
67.473495	0.732115
67.503501	0.732297
67.533507	0.732478
67.563513	0.732659
67.593519	0.732841
67.623525	0.733022
67.653531	0.733203
67.683537	0.733384
67.713543	0.733566
67.743549	0.733747
67.773555	0.733928
67.803561	0.734109
67.833567	0.734289
67.863573	0.734470
67.893579	0.734651
67.923585	0.734832
67.953591	0.735012
67.983597	0.735193
68.013603	0.735373
68.043609	0.735554
68.073615	0.735734
68.103621	0.735915
68.133627	0.736095
68.163633	0.736275
68.193639	0.736456
68.223645	0.736636
68.253651	0.736816
68.283657	0.736996
68.313663	0.737176
68.343669	0.737356
68.373675	0.737536
68.403681	0.737716
68.433687	0.737896
68.463693	0.738075
68.493699	0.738255
68.523705	0.738435
68.553711	0.738615
68.583717	0.738794
68.613723	0.738974
68.643729	0.739153
68.673735	0.739333
68.703741	0.739512
68.733747	0.739692
68.763753	0.739871
68.793759	0.740050
68.823765	0.740230
68.853771	0.740409
68.883777	0.740588
68.913783	0.740767
68.943789	0.740947
68.973795	0.741126
69.003801	0.741305
69.033807	0.741484
69.063813	0.741663
69.093819	0.741842
69.123825	0.742021
69.153831	0.742200
69.183837	0.742379
69.213843	0.742557
69.243849	0.742736
69.273855	0.742915
69.303861	0.743094
69.333867	0.743272
69.363873	0.743451
69.393879	0.743630
69.423885	0.743808
69.453891	0.743987
69.483897	0.744166
69.513903	0.744344
69.543909	0.744523
69.573915	0.744701
69.603921	0.744880
69.633927	0.745058
69.663933	0.745237
69.693939	0.745415
69.723945	0.745594
69.753951	0.745772
69.783957	0.745950
69.813963	0.746129
69.843969	0.746307
69.873975	0.746485
69.903981	0.746663
69.933987	0.746842
69.963993	0.747020
69.993999	0.747198
70.024005	0.747376
70.054011	0.747555
70.084017	0.747733
70.114023	0.747911
70.144029	0.748089
70.174035	0.748267
70.204041	0.748445
70.234047	0.748623
70.264053	0.748801
70.294059	0.748980
70.324065	0.749158
70.354071	0.749336
70.384077	0.749514
70.414083	0.749692
70.444089	0.749870
70.474095	0.750048
70.504101	0.750226
70.534107	0.750404
70.564113	0.750582
70.594119	0.750760
70.624125	0.750938
70.654131	0.751116
70.684137	0.751294
70.714143	0.751472
70.744149	0.751650
70.774155	0.751828
70.804161	0.752005
70.834167	0.752183
70.864173	0.752361
70.894179	0.752539
70.924185	0.752717
70.954191	0.752895
70.984197	0.753073
71.014203	0.753251
71.044209	0.753429
71.074215	0.753607
71.104221	0.753785
71.134227	0.753963
71.164233	0.754141
71.194239	0.754319
71.224245	0.754497
71.254251	0.754675
71.284257	0.754853
71.314263	0.755031
71.344269	0.755209
71.374275	0.755387
71.404281	0.755565
71.434287	0.755743
71.464293	0.755921
71.494299	0.756099
71.524305	0.756277
71.554311	0.756455
71.584317	0.756633
71.614323	0.756811
71.644329	0.756989
71.674335	0.757167
71.704341	0.757345
71.734347	0.757523
71.764353	0.757701
71.794359	0.757879
71.824365	0.758057
71.854371	0.758236
71.884377	0.758414
71.914383	0.758592
71.944389	0.758770
71.974395	0.758948
72.004401	0.759127
72.034407	0.759305
72.064413	0.759483
72.094419	0.759661
72.124425	0.759840
72.154431	0.760018
72.184437	0.760196
72.214443	0.760375
72.244449	0.760553
72.274455	0.760732
72.304461	0.760910
72.334467	0.761088
72.364473	0.761267
72.394479	0.761445
72.424485	0.761624
72.454491	0.761802
72.484497	0.761981
72.514503	0.762160
72.544509	0.762338
72.574515	0.762517
72.604521	0.762696
72.634527	0.762874
72.664533	0.763053
72.694539	0.763232
72.724545	0.763411
72.754551	0.763589
72.784557	0.763768
72.814563	0.763947
72.844569	0.764126
72.874575	0.764305
72.904581	0.764484
72.934587	0.764663
72.964593	0.764842
72.994599	0.765021
73.024605	0.765200
73.054611	0.765379
73.084617	0.765558
73.114623	0.765738
73.144629	0.765917
73.174635	0.766096
73.204641	0.766275
73.234647	0.766455
73.264653	0.766634
73.294659	0.766814
73.324665	0.766993
73.354671	0.767173
73.384677	0.767352
73.414683	0.767532
73.444689	0.767711
73.474695	0.767891
73.504701	0.768071
73.534707	0.768250
73.564713	0.768430
73.594719	0.768610
73.624725	0.768790
73.654731	0.768970
73.684737	0.769150
73.714743	0.769330
73.744749	0.769510
73.774755	0.769690
73.804761	0.769870
73.834767	0.770050
73.864773	0.770231
73.894779	0.770411
73.924785	0.770591
73.954791	0.770772
73.984797	0.770952
74.014803	0.771132
74.044809	0.771313
74.074815	0.771494
74.104821	0.771674
74.134827	0.771855
74.164833	0.772036
74.194839	0.772216
74.224845	0.772397
74.254851	0.772578
74.284857	0.772759
74.314863	0.772940
74.344869	0.773121
74.374875	0.773302
74.404881	0.773483
74.434887	0.773665
74.464893	0.773846
74.494899	0.774027
74.524905	0.774209
74.554911	0.774390
74.584917	0.774572
74.614923	0.774753
74.644929	0.774935
74.674935	0.775116
74.704941	0.775298
74.734947	0.775480
74.764953	0.775662
74.794959	0.775844
74.824965	0.776026
74.854971	0.776208
74.884977	0.776390
74.914983	0.776572
74.944989	0.776754
74.974995	0.776937
75.005001	0.777119
75.035007	0.777301
75.065013	0.777484
75.095019	0.777667
75.125025	0.777849
75.155031	0.778032
75.185037	0.778215
75.215043	0.778398
75.245049	0.778580
75.275055	0.778763
75.305061	0.778946
75.335067	0.779130
75.365073	0.779313
75.395079	0.779496
75.425085	0.779679
75.455091	0.779863
75.485097	0.780046
75.515103	0.780230
75.545109	0.780413
75.575115	0.780597
75.605121	0.780781
75.635127	0.780965
75.665133	0.781149
75.695139	0.781333
75.725145	0.781517
75.755151	0.781701
75.785157	0.781885
75.815163	0.782069
75.845169	0.782254
75.875175	0.782438
75.905181	0.782623
75.935187	0.782807
75.965193	0.782992
75.995199	0.783177
76.025205	0.783362
76.055211	0.783547
76.085217	0.783732
76.115223	0.783917
76.145229	0.784102
76.175235	0.784287
76.205241	0.784472
76.235247	0.784658
76.265253	0.784843
76.295259	0.785029
76.325265	0.785215
76.355271	0.785400
76.385277	0.785586
76.415283	0.785772
76.445289	0.785958
76.475295	0.786144
76.505301	0.786331
76.535307	0.786517
76.565313	0.786703
76.595319	0.786890
76.625325	0.787076
76.655331	0.787263
76.685337	0.787450
76.715343	0.787637
76.745349	0.787823
76.775355	0.788010
76.805361	0.788198
76.835367	0.788385
76.865373	0.788572
76.895379	0.788759
76.925385	0.788947
76.955391	0.789135
76.985397	0.789322
77.015403	0.789510
77.045409	0.789698
77.075415	0.789886
77.105421	0.790074
77.135427	0.790262
77.165433	0.790450
77.195439	0.790639
77.225445	0.790827
77.255451	0.791016
77.285457	0.791204
77.315463	0.791393
77.345469	0.791582
77.375475	0.791771
77.405481	0.791960
77.435487	0.792149
77.465493	0.792338
77.495499	0.792528
77.525505	0.792717
77.555511	0.792907
77.585517	0.793096
77.615523	0.793286
77.645529	0.793476
77.675535	0.793666
77.705541	0.793856
77.735547	0.794046
77.765553	0.794237
77.795559	0.794427
77.825565	0.794618
77.855571	0.794808
77.885577	0.794999
77.915583	0.795190
77.945589	0.795381
77.975595	0.795572
78.005601	0.795763
78.035607	0.795954
78.065613	0.796146
78.095619	0.796337
78.125625	0.796529
78.155631	0.796721
78.185637	0.796913
78.215643	0.797105
78.245649	0.797297
78.275655	0.797489
78.305661	0.797681
78.335667	0.797874
78.365673	0.798066
78.395679	0.798259
78.425685	0.798452
78.455691	0.798645
78.485697	0.798838
78.515703	0.799031
78.545709	0.799224
78.575715	0.799417
78.605721	0.799611
78.635727	0.799804
78.665733	0.799998
78.695739	0.800192
78.725745	0.800386
78.755751	0.800580
78.785757	0.800774
78.815763	0.800969
78.845769	0.801163
78.875775	0.801358
78.905781	0.801553
78.935787	0.801747
78.965793	0.801942
78.995799	0.802137
79.025805	0.802333
79.055811	0.802528
79.085817	0.802724
79.115823	0.802919
79.145829	0.803115
79.175835	0.803311
79.205841	0.803507
79.235847	0.803703
79.265853	0.803899
79.295859	0.804096
79.325865	0.804292
79.355871	0.804489
79.385877	0.804685
79.415883	0.804882
79.445889	0.805079
79.475895	0.805277
79.505901	0.805474
79.535907	0.805671
79.565913	0.805869
79.595919	0.806067
79.625925	0.806265
79.655931	0.806462
79.685937	0.806661
79.715943	0.806859
79.745949	0.807057
79.775955	0.807256
79.805961	0.807455
79.835967	0.807653
79.865973	0.807852
79.895979	0.808051
79.925985	0.808251
79.955991	0.808450
79.985997	0.808649
80.016003	0.808849
80.046009	0.809049
80.076015	0.809249
80.106021	0.809449
80.136027	0.809649
80.166033	0.809850
80.196039	0.810050
80.226045	0.810251
80.256051	0.810452
80.286057	0.810653
80.316063	0.810854
80.346069	0.811055
80.376075	0.811256
80.406081	0.811458
80.436087	0.811660
80.466093	0.811861
80.496099	0.812063
80.526105	0.812265
80.556111	0.812468
80.586117	0.812670
80.616123	0.812873
80.646129	0.813076
80.676135	0.813278
80.706141	0.813481
80.736147	0.813685
80.766153	0.813888
80.796159	0.814092
80.826165	0.814295
80.856171	0.814499
80.886177	0.814703
80.916183	0.814907
80.946189	0.815111
80.976195	0.815316
81.006201	0.815520
81.036207	0.815725
81.066213	0.815930
81.096219	0.816135
81.126225	0.816340
81.156231	0.816546
81.186237	0.816751
81.216243	0.816957
81.246249	0.817163
81.276255	0.817369
81.306261	0.817575
81.336267	0.817781
81.366273	0.817988
81.396279	0.818195
81.426285	0.818402
81.456291	0.818609
81.486297	0.818816
81.516303	0.819023
81.546309	0.819231
81.576315	0.819438
81.606321	0.819646
81.636327	0.819854
81.666333	0.820062
81.696339	0.820271
81.726345	0.820479
81.756351	0.820688
81.786357	0.820897
81.816363	0.821106
81.846369	0.821315
81.876375	0.821524
81.906381	0.821734
81.936387	0.821943
81.966393	0.822153
81.996399	0.822363
82.026405	0.822574
82.056411	0.822784
82.086417	0.822994
82.116423	0.823205
82.146429	0.823416
82.176435	0.823627
82.206441	0.823838
82.236447	0.824050
82.266453	0.824262
82.296459	0.824473
82.326465	0.824685
82.356471	0.824897
82.386477	0.825110
82.416483	0.825322
82.446489	0.825535
82.476495	0.825748
82.506501	0.825961
82.536507	0.826174
82.566513	0.826388
82.596519	0.826601
82.626525	0.826815
82.656531	0.827029
82.686537	0.827243
82.716543	0.827457
82.746549	0.827672
82.776555	0.827887
82.806561	0.828102
82.836567	0.828317
82.866573	0.828532
82.896579	0.828747
82.926585	0.828963
82.956591	0.829179
82.986597	0.829395
83.016603	0.829611
83.046609	0.829827
83.076615	0.830044
83.106621	0.830261
83.136627	0.830478
83.166633	0.830695
83.196639	0.830912
83.226645	0.831130
83.256651	0.831348
83.286657	0.831566
83.316663	0.831784
83.346669	0.832002
83.376675	0.832220
83.406681	0.832439
83.436687	0.832658
83.466693	0.832877
83.496699	0.833097
83.526705	0.833316
83.556711	0.833536
83.586717	0.833756
83.616723	0.833976
83.646729	0.834196
83.676735	0.834416
83.706741	0.834637
83.736747	0.834858
83.766753	0.835079
83.796759	0.835300
83.826765	0.835522
83.856771	0.835744
83.886777	0.835966
83.916783	0.836188
83.946789	0.836410
83.976795	0.836633
84.006801	0.836855
84.036807	0.837078
84.066813	0.837301
84.096819	0.837525
84.126825	0.837748
84.156831	0.837972
84.186837	0.838196
84.216843	0.838420
84.246849	0.838645
84.276855	0.838869
84.306861	0.839094
84.336867	0.839319
84.366873	0.839544
84.396879	0.839770
84.426885	0.839995
84.456891	0.840221
84.486897	0.840447
84.516903	0.840674
84.546909	0.840900
84.576915	0.841127
84.606921	0.841354
84.636927	0.841581
84.666933	0.841808
84.696939	0.842036
84.726945	0.842264
84.756951	0.842492
84.786957	0.842720
84.816963	0.842949
84.846969	0.843177
84.876975	0.843406
84.906981	0.843635
84.936987	0.843865
84.966993	0.844094
84.996999	0.844324
85.027005	0.844554
85.057011	0.844784
85.087017	0.845015
85.117023	0.845246
85.147029	0.845476
85.177035	0.845708
85.207041	0.845939
85.237047	0.846171
85.267053	0.846402
85.297059	0.846634
85.327065	0.846867
85.357071	0.847099
85.387077	0.847332
85.417083	0.847565
85.447089	0.847798
85.477095	0.848032
85.507101	0.848265
85.537107	0.848499
85.567113	0.848733
85.597119	0.848968
85.627125	0.849202
85.657131	0.849437
85.687137	0.849672
85.717143	0.849908
85.747149	0.850143
85.777155	0.850379
85.807161	0.850615
85.837167	0.850851
85.867173	0.851088
85.897179	0.851324
85.927185	0.851561
85.957191	0.851798
85.987197	0.852036
86.017203	0.852274
86.047209	0.852512
86.077215	0.852750
86.107221	0.852988
86.137227	0.853227
86.167233	0.853466
86.197239	0.853705
86.227245	0.853944
86.257251	0.854184
86.287257	0.854424
86.317263	0.854664
86.347269	0.854904
86.377275	0.855145
86.407281	0.855386
86.437287	0.855627
86.467293	0.855868
86.497299	0.856110
86.527305	0.856352
86.557311	0.856594
86.587317	0.856836
86.617323	0.857079
86.647329	0.857322
86.677335	0.857565
86.707341	0.857808
86.737347	0.858052
86.767353	0.858296
86.797359	0.858540
86.827365	0.858784
86.857371	0.859029
86.887377	0.859274
86.917383	0.859519
86.947389	0.859764
86.977395	0.860010
87.007401	0.860256
87.037407	0.860502
87.067413	0.860748
87.097419	0.860995
87.127425	0.861242
87.157431	0.861489
87.187437	0.861737
87.217443	0.861985
87.247449	0.862233
87.277455	0.862481
87.307461	0.862729
87.337467	0.862978
87.367473	0.863227
87.397479	0.863477
87.427485	0.863726
87.457491	0.863976
87.487497	0.864226
87.517504	0.864477
87.547510	0.864727
87.577516	0.864978
87.607522	0.865230
87.637528	0.865481
87.667534	0.865733
87.697540	0.865985
87.727546	0.866237
87.757552	0.866490
87.787558	0.866743
87.817564	0.866996
87.847570	0.867249
87.877576	0.867503
87.907582	0.867757
87.937588	0.868011
87.967594	0.868266
87.997600	0.868520
88.027606	0.868775
88.057612	0.869031
88.087618	0.869286
88.117624	0.869542
88.147630	0.869799
88.177636	0.870055
88.207642	0.870312
88.237648	0.870569
88.267654	0.870826
88.297660	0.871084
88.327666	0.871342
88.357672	0.871600
88.387678	0.871858
88.417684	0.872117
88.447690	0.872376
88.477696	0.872635
88.507702	0.872895
88.537708	0.873155
88.567714	0.873415
88.597720	0.873675
88.627726	0.873936
88.657732	0.874197
88.687738	0.874459
88.717744	0.874720
88.747750	0.874982
88.777756	0.875244
88.807762	0.875507
88.837768	0.875770
88.867774	0.876033
88.897780	0.876296
88.927786	0.876560
88.957792	0.876824
88.987798	0.877088
89.017804	0.877353
89.047810	0.877618
89.077816	0.877883
89.107822	0.878148
89.137828	0.878414
89.167834	0.878680
89.197840	0.878946
89.227846	0.879213
89.257852	0.879480
89.287858	0.879747
89.317864	0.880015
89.347870	0.880283
89.377876	0.880551
89.407882	0.880820
89.437888	0.881088
89.467894	0.881358
89.497900	0.881627
89.527906	0.881897
89.557912	0.882167
89.587918	0.882437
89.617924	0.882708
89.647930	0.882979
89.677936	0.883250
89.707942	0.883522
89.737948	0.883794
89.767954	0.884066
89.797960	0.884338
89.827966	0.884611
89.857972	0.884884
89.887978	0.885158
89.917984	0.885432
89.947990	0.885706
89.977996	0.885980
90.008002	0.886255
90.038008	0.886530
90.068014	0.886805
90.098020	0.887081
90.128026	0.887357
90.158032	0.887634
90.188038	0.887910
90.218044	0.888187
90.248050	0.888465
90.278056	0.888742
90.308062	0.889020
90.338068	0.889299
90.368074	0.889577
90.398080	0.889856
90.428086	0.890135
90.458092	0.890415
90.488098	0.890695
90.518104	0.890975
90.548110	0.891256
90.578116	0.891537
90.608122	0.891818
90.638128	0.892100
90.668134	0.892382
90.698140	0.892664
90.728146	0.892946
90.758152	0.893229
90.788158	0.893513
90.818164	0.893796
90.848170	0.894080
90.878176	0.894364
90.908182	0.894649
90.938188	0.894934
90.968194	0.895219
90.998200	0.895505
91.028206	0.895791
91.058212	0.896077
91.088218	0.896364
91.118224	0.896651
91.148230	0.896938
91.178236	0.897226
91.208242	0.897514
91.238248	0.897802
91.268254	0.898091
91.298260	0.898380
91.328266	0.898670
91.358272	0.898959
91.388278	0.899249
91.418284	0.899540
91.448290	0.899831
91.478296	0.900122
91.508302	0.900413
91.538308	0.900705
91.568314	0.900998
91.598320	0.901290
91.628326	0.901583
91.658332	0.901876
91.688338	0.902170
91.718344	0.902464
91.748350	0.902758
91.778356	0.903053
91.808362	0.903348
91.838368	0.903644
91.868374	0.903939
91.898380	0.904236
91.928386	0.904532
91.958392	0.904829
91.988398	0.905126
92.018404	0.905424
92.048410	0.905722
92.078416	0.906020
92.108422	0.906319
92.138428	0.906618
92.168434	0.906917
92.198440	0.907217
92.228446	0.907517
92.258452	0.907818
92.288458	0.908119
92.318464	0.908420
92.348470	0.908722
92.378476	0.909024
92.408482	0.909326
92.438488	0.909629
92.468494	0.909932
92.498500	0.910235
92.528506	0.910539
92.558512	0.910844
92.588518	0.911148
92.618524	0.911453
92.648530	0.911759
92.678536	0.912064
92.708542	0.912371
92.738548	0.912677
92.768554	0.912984
92.798560	0.913291
92.828566	0.913599
92.858572	0.913907
92.888578	0.914216
92.918584	0.914524
92.948590	0.914834
92.978596	0.915143
93.008602	0.915453
93.038608	0.915764
93.068614	0.916074
93.098620	0.916386
93.128626	0.916697
93.158632	0.917009
93.188638	0.917321
93.218644	0.917634
93.248650	0.917947
93.278656	0.918261
93.308662	0.918575
93.338668	0.918889
93.368674	0.919204
93.398680	0.919519
93.428686	0.919834
93.458692	0.920150
93.488698	0.920467
93.518704	0.920783
93.548710	0.921100
93.578716	0.921418
93.608722	0.921736
93.638728	0.922054
93.668734	0.922373
93.698740	0.922692
93.728746	0.923012
93.758752	0.923331
93.788758	0.923652
93.818764	0.923973
93.848770	0.924294
93.878776	0.924615
93.908782	0.924937
93.938788	0.925260
93.968794	0.925582
93.998800	0.925906
94.028806	0.926229
94.058812	0.926553
94.088818	0.926878
94.118824	0.927203
94.148830	0.927528
94.178836	0.927854
94.208842	0.928180
94.238848	0.928506
94.268854	0.928833
94.298860	0.929161
94.328866	0.929488
94.358872	0.929817
94.388878	0.930145
94.418884	0.930474
94.448890	0.930804
94.478896	0.931134
94.508902	0.931464
94.538908	0.931795
94.568914	0.932126
94.598920	0.932458
94.628926	0.932790
94.658932	0.933122
94.688938	0.933455
94.718944	0.933789
94.748950	0.934122
94.778956	0.934457
94.808962	0.934791
94.838968	0.935126
94.868974	0.935462
94.898980	0.935798
94.928986	0.936134
94.958992	0.936471
94.988998	0.936808
95.019004	0.937146
95.049010	0.937484
95.079016	0.937823
95.109022	0.938162
95.139028	0.938501
95.169034	0.938841
95.199040	0.939182
95.229046	0.939522
95.259052	0.939864
95.289058	0.940205
95.319064	0.940548
95.349070	0.940890
95.379076	0.941233
95.409082	0.941577
95.439088	0.941921
95.469094	0.942265
95.499100	0.942610
95.529106	0.942955
95.559112	0.943301
95.589118	0.943647
95.619124	0.943994
95.649130	0.944341
95.679136	0.944689
95.709142	0.945037
95.739148	0.945385
95.769154	0.945734
95.799160	0.946084
95.829166	0.946434
95.859172	0.946784
95.889178	0.947135
95.919184	0.947486
95.949190	0.947838
95.979196	0.948190
96.009202	0.948543
96.039208	0.948896
96.069214	0.949250
96.099220	0.949604
96.129226	0.949958
96.159232	0.950314
96.189238	0.950669
96.219244	0.951025
96.249250	0.951382
96.279256	0.951739
96.309262	0.952096
96.339268	0.952454
96.369274	0.952812
96.399280	0.953171
96.429286	0.953531
96.459292	0.953890
96.489298	0.954251
96.519304	0.954612
96.549310	0.954973
96.579316	0.955335
96.609322	0.955697
96.639328	0.956060
96.669334	0.956423
96.699340	0.956787
96.729346	0.957151
96.759352	0.957515
96.789358	0.957881
96.819364	0.958246
96.849370	0.958613
96.879376	0.958979
96.909382	0.959346
96.939388	0.959714
96.969394	0.960082
96.999400	0.960451
97.029406	0.960820
97.059412	0.961190
97.089418	0.961560
97.119424	0.961931
97.149430	0.962302
97.179436	0.962673
97.209442	0.963046
97.239448	0.963418
97.269454	0.963791
97.299460	0.964165
97.329466	0.964539
97.359472	0.964914
97.389478	0.965289
97.419484	0.965665
97.449490	0.966041
97.479496	0.966418
97.509502	0.966795
97.539508	0.967173
97.569514	0.967551
97.599520	0.967930
97.629526	0.968310
97.659532	0.968689
97.689538	0.969070
97.719544	0.969451
97.749550	0.969832
97.779556	0.970214
97.809562	0.970597
97.839568	0.970980
97.869574	0.971363
97.899580	0.971747
97.929586	0.972132
97.959592	0.972517
97.989598	0.972902
98.019604	0.973289
98.049610	0.973675
98.079616	0.974063
98.109622	0.974450
98.139628	0.974839
98.169634	0.975227
98.199640	0.975617
98.229646	0.976007
98.259652	0.976397
98.289658	0.976788
98.319664	0.977180
98.349670	0.977572
98.379676	0.977964
98.409682	0.978358
98.439688	0.978751
98.469694	0.979145
98.499700	0.979540
98.529706	0.979936
98.559712	0.980331
98.589718	0.980728
98.619724	0.981125
98.649730	0.981522
98.679736	0.981921
98.709742	0.982319
98.739748	0.982718
98.769754	0.983118
98.799760	0.983518
98.829766	0.983919
98.859772	0.984321
98.889778	0.984723
98.919784	0.985125
98.949790	0.985528
98.979796	0.985932
99.009802	0.986336
99.039808	0.986741
99.069814	0.987147
99.099820	0.987553
99.129826	0.987959
99.159832	0.988366
99.189838	0.988774
99.219844	0.989182
99.249850	0.989591
99.279856	0.990000
99.309862	0.990410
99.339868	0.990821
99.369874	0.991232
99.399880	0.991643
99.429886	0.992056
99.459892	0.992468
99.489898	0.992882
99.519904	0.993296
99.549910	0.993710
99.579916	0.994126
99.609922	0.994541
99.639928	0.994958
99.669934	0.995375
99.699940	0.995792
99.729946	0.996210
99.759952	0.996629
99.789958	0.997048
99.819964	0.997468
99.849970	0.997889
99.879976	0.998310
99.909982	0.998731
99.939988	0.999154
99.969994	0.999577
100.000000	1.000000
