-75.0	0.000000	0.000000
-73.0	613426.520274	0.023175
-71.0	4002205.144386	0.057658
-69.0	14826972.244119	0.107336
-67.0	43915818.001596	0.178521
-65.0	115936793.050692	0.281442
-63.0	286160743.397852	0.431874
-61.0	675874999.291796	0.652619
-59.0	1544542917.321800	0.974886
-57.0	3431828415.984801	1.439928
-55.0	7428231057.808035	2.101296
-53.0	15675103585.736069	3.027787
-51.0	32260502383.089275	4.306881
-49.0	64774320779.866318	6.048228
-47.0	126920401871.930206	8.386723
-45.0	242755470324.451660	11.484635
-43.0	453325059403.944763	15.532398
-41.0	826668607631.447388	20.747676
-39.0	1472319231819.150391	27.372338
-37.0	2561449178378.837891	35.666944
-35.0	4353602694826.166016	45.902332
-33.0	7230391988290.354492	58.347971
-31.0	11735500254177.394531	73.256974
-29.0	18618787217892.625000	90.848010
-27.0	28880286777892.882812	111.284813
-25.0	43807641206910.312500	134.654442
-23.0	64998430923757.109375	160.945839
-21.0	94357490213276.437500	190.030502
-19.0	134059281184331.656250	221.647207
-17.0	186467300289853.187500	255.392668
-15.0	254006637717802.593750	290.719839
-13.0	338992095615923.875000	326.945145
-11.0	443422038800976.875000	363.265397
-9.0	568756184618107.625000	398.784386
-7.0	715702219125468.875000	432.548280
-5.0	884039757885202.125000	463.588027
-3.0	1072509402546731.500000	490.966130
-1.0	1278788898016783.750000	513.824553
1.0	1499568132761801.750000	531.430163
3.0	1730721478482829.500000	543.214250
5.0	1967562065821505.500000	548.803051
7.0	2205150659570624.750000	548.037008
9.0	2438624122100358.000000	540.977429
11.0	2663506453039358.500000	527.900289
13.0	2875969282109349.000000	509.277967
15.0	3073017474725046.500000	485.750636
17.0	3252587273651919.500000	458.089767
19.0	3413556814887740.500000	427.156688
21.0	3555679729904220.500000	393.859343
23.0	3679460280282175.000000	359.110287
25.0	3785992307757496.500000	323.788587
27.0	3876784319519261.500000	288.707755
29.0	3953590029068154.500000	254.591118
31.0	4018258770835733.000000	222.055350
33.0	4072614596328771.000000	191.602215
35.0	4118367550949621.000000	163.618004
37.0	4157056310216364.000000	138.379660
39.0	4190018351533918.000000	116.066039
41.0	4218382174787953.500000	96.772037
43.0	4243075569759345.500000	80.521889
45.0	4264844258486458.000000	67.275792
47.0	4284276092375256.000000	56.922235
49.0	4301827071973112.500000	49.252328
51.0	4317846566324451.000000	43.929828
53.0	4332600099456836.000000	40.493648
55.0	4346288872105627.000000	38.420379
57.0	4359065777027787.500000	37.220256
59.0	4371048059887208.000000	36.508046
61.0	4382327006983778.000000	36.021742
63.0	4392975145132599.000000	35.604237
65.0	4403051455856065.500000	35.173007
67.0	4412605068441060.000000	34.692660
69.0	4421677829964481.500000	34.154857
71.0	4430306073628595.500000	33.565170
73.0	4438521831936495.500000	32.935114
75.0	4446353675509670.500000	32.277621
77.0	4453827304868908.000000	31.604731
79.0	4460965981600807.000000	30.926598
81.0	4467790855611014.000000	30.251278
83.0	4474321224455348.500000	29.584880
85.0	4480574746837214.000000	28.931864
87.0	4486567623411630.000000	28.295347
89.0	4492314752614145.000000	27.677367
91.0	4497829866227871.500000	27.079113
93.0	4503125647909231.000000	26.501134
95.0	4508213837185113.000000	25.943522
97.0	4513105321008682.000000	25.406058
99.0	4517810214578569.000000	24.888316
101.0	4522337932768477.000000	24.389711
103.0	4526697253260392.000000	23.909534
105.0	4530896372370085.000000	23.446980
107.0	4534942954547761.000000	23.001193
109.0	4538844176518493.000000	22.571313
111.0	4542606766912012.000000	22.156509
113.0	4546237042024947.000000	21.756000
115.0	4549740938145349.000000	21.369036
117.0	4553124040742564.000000	20.994891
119.0	4556391610814490.000000	20.632860
121.0	4559548608736442.000000	20.282272
123.0	4562599715982766.000000	19.942509
125.0	4565549355039445.000000	19.613017
127.0	4568401707710670.000000	19.293295
129.0	4571160731914062.000000	18.982877
131.0	4573830177020934.000000	18.681317
133.0	4576413597837211.000000	18.388180
135.0	4578914367387470.000000	18.103061
137.0	4581335688693525.000000	17.825591
139.0	4583680605700521.000000	17.555445
141.0	4585952013423466.000000	17.292324
143.0	4588152667322709.000000	17.035946
145.0	4590285191910010.000000	16.786032
147.0	4592352088632759.000000	16.542305
149.0	4594355743138153.000000	16.304507
151.0	4596298432034629.000000	16.072403
153.0	4598182329231096.000000	15.845786
155.0	4600009511873832.000000	15.624465
157.0	4601781965861443.000000	15.408251
159.0	4603501590925871.000000	15.196952
161.0	4605170205310330.000000	14.990377
163.0	4606789550115158.000000	14.788349
165.0	4608361293386964.000000	14.590708
167.0	4609887033992100.000000	14.397315
169.0	4611368305269816.000000	14.208037
171.0	4612806578437784.000000	14.022738
173.0	4614203265737561.000000	13.841281
175.0	4615559723344607.000000	13.663526
177.0	4616877254095511.000000	13.489347
179.0	4618157110081836.000000	13.318633
181.0	4619400495129226.000000	13.151285
183.0	4620608567146732.000000	12.987206
185.0	4621782440320055.000000	12.826297
187.0	4622923187140293.000000	12.668454
189.0	4624031840290154.000000	12.513573
191.0	4625109394427923.000000	12.361564
193.0	4626156807901531.000000	12.212345
195.0	4627175004398462.000000	12.065846
197.0	4628164874513044.000000	11.921995
199.0	4629127277209169.000000	11.780715
201.0	4630063041174624.000000	11.641927
203.0	4630972966087259.000000	11.505552
205.0	4631857823823995.000000	11.371524
207.0	4632718359633310.000000	11.239784
209.0	4633555293269510.000000	11.110279
211.0	4634369320070452.000000	10.982953
213.0	4635161111961797.000000	10.857748
215.0	4635931318387935.000000	10.734599
217.0	4636680567187946.000000	10.613449
219.0	4637409465440306.000000	10.494247
221.0	4638118600288710.000000	10.376949
223.0	4638808539743259.000000	10.261516
225.0	4639479833440460.000000	10.147903
227.0	4640133013349899.000000	10.036062
229.0	4640768594430529.000000	9.925945
231.0	4641387075252945.000000	9.817505
233.0	4641988938605382.000000	9.710704
235.0	4642574652090044.000000	9.605510
237.0	4643144668702041.000000	9.501892
239.0	4643699427376877.000000	9.399813
241.0	4644239353498382.000000	9.299234
243.0	4644764859371896.000000	9.200117
245.0	4645276344676828.000000	9.102425
247.0	4645774196911578.000000	9.006131
249.0	4646258791833363.000000	8.911208
251.0	4646730493884686.000000	8.817631
253.0	4647189656594957.000000	8.725371
255.0	4647636622952469.000000	8.634396
257.0	4648071725752493.000000	8.544673
259.0	4648495287933406.000000	8.456175
261.0	4648907622909958.000000	8.368881
263.0	4649309034903590.000000	8.282770
265.0	4649699819261713.000000	8.197820
267.0	4650080262757002.000000	8.114008
269.0	4650450643864384.000000	8.031306
271.0	4650811233021824.000000	7.949690
273.0	4651162292884690.000000	7.869136
275.0	4651504078579763.000000	7.789629
277.0	4651836837957114.000000	7.711151
279.0	4652160811832452.000000	7.633685
281.0	4652476234213250.000000	7.557210
283.0	4652783332508135.000000	7.481704
285.0	4653082327725533.000000	7.407145
287.0	4653373434669389.000000	7.333518
289.0	4653656862135647.000000	7.260807
291.0	4653932813106809.000000	7.189000
293.0	4654201484938057.000000	7.118082
295.0	4654463069530196.000000	7.048033
297.0	4654717753490139.000000	6.978836
299.0	4654965718284532.000000	6.910474
301.0	4655207140392539.000000	6.842933
303.0	4655442191459771.000000	6.776202
305.0	4655671038450184.000000	6.710269
307.0	4655893843790468.000000	6.645122
309.0	4656110765503783.000000	6.580745
311.0	4656321957334337.000000	6.517122
313.0	4656527568867828.000000	6.454238
315.0	4656727745652232.000000	6.392085
317.0	4656922629319674.000000	6.330652
319.0	4657112357706090.000000	6.269929
321.0	4657297064964246.000000	6.209905
323.0	4657476881668179.000000	6.150566
325.0	4657651934911062.000000	6.091898
327.0	4657822348400786.000000	6.033892
329.0	4657988242556504.000000	5.976538
331.0	4658149734605962.000000	5.919828
333.0	4658306938680492.000000	5.863754
335.0	4658459965904148.000000	5.808305
337.0	4658608924476048.000000	5.753469
339.0	4658753919748090.000000	5.699235
341.0	4658895054301638.000000	5.645595
343.0	4659032428025391.000000	5.592541
345.0	4659166138193694.000000	5.540066
347.0	4659296279542408.000000	5.488163
349.0	4659422944339718.000000	5.436822
351.0	4659546222451618.000000	5.386033
353.0	4659666201404240.000000	5.335787
355.0	4659782966445972.000000	5.286076
357.0	4659896600610756.000000	5.236895
359.0	4660007184781447.000000	5.188237
361.0	4660114797750756.000000	5.140096
363.0	4660219516277852.000000	5.092463
365.0	4660321415140864.000000	5.045328
367.0	4660420567187333.000000	4.998686
369.0	4660517043384958.000000	4.952528
371.0	4660610912873345.000000	4.906851
373.0	4660702243015529.000000	4.861649
375.0	4660791099447158.000000	4.816915
377.0	4660877546121999.000000	4.772643
379.0	4660961645354363.000000	4.728823
381.0	4661043457860283.000000	4.685451
383.0	4661123042799250.000000	4.642520
385.0	4661200457816741.000000	4.600027
387.0	4661275759086274.000000	4.557966
389.0	4661349001349264.000000	4.516333
391.0	4661420237951813.000000	4.475119
393.0	4661489520879237.000000	4.434318
395.0	4661556900789938.000000	4.393926
397.0	4661622427049911.000000	4.353937
399.0	4661686147767834.000000	4.314347
401.0	4661748109829517.000000	4.275154
403.0	4661808358930289.000000	4.236350
405.0	4661866939604932.000000	4.197930
407.0	4661923895255955.000000	4.159888
409.0	4661979268181631.000000	4.122220
411.0	4662033099604671.000000	4.084922
413.0	4662085429701260.000000	4.047990
415.0	4662136297629340.000000	4.011421
417.0	4662185741555031.000000	3.975209
419.0	4662233798677095.000000	3.939350
421.0	4662280505250247.000000	3.903837
423.0	4662325896608484.000000	3.868668
425.0	4662370007189005.000000	3.833839
427.0	4662412870556285.000000	3.799347
429.0	4662454519425338.000000	3.765189
431.0	4662494985683354.000000	3.731359
433.0	4662534300409785.000000	3.697852
435.0	4662572493895668.000000	3.664666
437.0	4662609595663138.000000	3.631795
439.0	4662645634485422.000000	3.599239
441.0	4662680638406841.000000	3.566992
443.0	4662714634761978.000000	3.535053
445.0	4662747650193448.000000	3.503417
447.0	4662779710668462.000000	3.472080
449.0	4662810841494939.000000	3.441037
451.0	4662841067337879.000000	3.410287
453.0	4662870412236106.000000	3.379826
455.0	4662898899618917.000000	3.349652
457.0	4662926552321886.000000	3.319762
459.0	4662953392601502.000000	3.290152
461.0	4662979442148905.000000	3.260818
463.0	4663004722103370.000000	3.231757
465.0	4663029253066080.000000	3.202966
467.0	4663053055114180.000000	3.174443
469.0	4663076147814622.000000	3.146187
471.0	4663098550237238.000000	3.118192
473.0	4663120280966819.000000	3.090457
475.0	4663141358114557.000000	3.062978
477.0	4663161799329369.000000	3.035751
479.0	4663181621809518.000000	3.008776
481.0	4663200842314406.000000	2.982049
483.0	4663219477176104.000000	2.955569
485.0	4663237542310167.000000	2.929332
487.0	4663255053225640.000000	2.903335
489.0	4663272025034620.000000	2.877576
491.0	4663288472461805.000000	2.852052
493.0	4663304409854304.000000	2.826761
495.0	4663319851191540.000000	2.801701
497.0	4663334810094854.000000	2.776871
499.0	4663349299836454.000000	2.752266
501.0	4663363333347746.000000	2.727885
503.0	4663376923227337.000000	2.703724
505.0	4663390081749114.000000	2.679782
507.0	4663402820870532.000000	2.656057
509.0	4663415152240929.000000	2.632548
511.0	4663427087209519.000000	2.609251
513.0	4663438636832820.000000	2.586165
515.0	4663449811881597.000000	2.563286
517.0	4663460622847587.000000	2.540613
519.0	4663471079950352.000000	2.518144
521.0	4663481193144269.000000	2.495878
523.0	4663490972125524.000000	2.473811
525.0	4663500426338752.000000	2.451943
527.0	4663509564983220.000000	2.430272
529.0	4663518397018619.000000	2.408794
531.0	4663526931170743.000000	2.387507
533.0	4663535175937296.000000	2.366411
535.0	4663543139593799.000000	2.345504
537.0	4663550830199452.000000	2.324784
539.0	4663558255602672.000000	2.304249
541.0	4663565423446228.000000	2.283896
543.0	4663572341172090.000000	2.263725
545.0	4663579016026241.000000	2.243733
547.0	4663585455063593.000000	2.223918
549.0	4663591665152986.000000	2.204280
551.0	4663597652982090.000000	2.184816
553.0	4663603425062018.000000	2.165525
555.0	4663608987731607.000000	2.146405
557.0	4663614347161488.000000	2.127455
559.0	4663619509358161.000000	2.108671
561.0	4663624480168164.000000	2.090054
563.0	4663629265282297.000000	2.071602
565.0	4663633870239717.000000	2.053313
567.0	4663638300431785.000000	2.035185
569.0	4663642561105634.000000	2.017218
571.0	4663646657367595.000000	1.999408
573.0	4663650594186654.000000	1.981755
575.0	4663654376397987.000000	1.964258
577.0	4663658008706514.000000	1.946915
579.0	4663661495690338.000000	1.929725
581.0	4663664841803931.000000	1.912686
583.0	4663668051381120.000000	1.895797
585.0	4663671128637985.000000	1.879056
587.0	4663674077675779.000000	1.862462
589.0	4663676902483934.000000	1.846013
591.0	4663679606943052.000000	1.829709
593.0	4663682194827763.000000	1.813548
595.0	4663684669809398.000000	1.797529
597.0	4663687035458473.000000	1.781649
599.0	4663689295247142.000000	1.765909
601.0	4663691452551676.000000	1.750306
603.0	4663693510655002.000000	1.734840
605.0	4663695472749226.000000	1.719509
607.0	4663697341938010.000000	1.704313
609.0	4663699121238796.000000	1.689249
611.0	4663700813584895.000000	1.674317
613.0	4663702421827556.000000	1.659515
615.0	4663703948738070.000000	1.644842
617.0	4663705397009921.000000	1.630297
619.0	4663706769260893.000000	1.615879
621.0	4663708068035060.000000	1.601587
623.0	4663709295804633.000000	1.587420
625.0	4663710454971714.000000	1.573375
627.0	4663711547870046.000000	1.559453
629.0	4663712576766805.000000	1.545653
631.0	4663713543864402.000000	1.531972
633.0	4663714451302257.000000	1.518411
635.0	4663715301158451.000000	1.504968
637.0	4663716095451264.000000	1.491642
639.0	4663716836140656.000000	1.478431
641.0	4663717525129741.000000	1.465335
643.0	4663718164266301.000000	1.452353
645.0	4663718755344322.000000	1.439485
647.0	4663719300105453.000000	1.426728
649.0	4663719800240396.000000	1.414082
651.0	4663720257390186.000000	1.401545
653.0	4663720673147423.000000	1.389118
655.0	4663721049057539.000000	1.376798
657.0	4663721386620070.000000	1.364585
659.0	4663721687289937.000000	1.352479
661.0	4663721952478686.000000	1.340477
663.0	4663722183555617.000000	1.328580
665.0	4663722381848869.000000	1.316786
667.0	4663722548646451.000000	1.305094
669.0	4663722685197310.000000	1.293504
671.0	4663722792712412.000000	1.282014
673.0	4663722872365820.000000	1.270623
675.0	4663722925295703.000000	1.259332
677.0	4663722952605304.000000	1.248139
679.0	4663722955363819.000000	1.237042
681.0	4663722934607285.000000	1.226042
683.0	4663722891339469.000000	1.215137
685.0	4663722826532785.000000	1.204326
687.0	4663722741129193.000000	1.193610
689.0	4663722636041042.000000	1.182986
691.0	4663722512151861.000000	1.172454
693.0	4663722370317111.000000	1.162014
695.0	4663722211364913.000000	1.151664
697.0	4663722036096812.000000	1.141403
699.0	4663721845288543.000000	1.131232
701.0	4663721639690780.000000	1.121149
703.0	4663721420029836.000000	1.111153
705.0	4663721187008321.000000	1.101244
707.0	4663720941305762.000000	1.091420
709.0	4663720683579222.000000	1.081682
711.0	4663720414463946.000000	1.072028
713.0	4663720134573996.000000	1.062457
715.0	4663719844502880.000000	1.052970
717.0	4663719544824124.000000	1.043565
719.0	4663719236091827.000000	1.034242
721.0	4663718918841167.000000	1.024999
723.0	4663718593588933.000000	1.015836
725.0	4663718260834057.000000	1.006752
727.0	4663717921058156.000000	0.997748
729.0	4663717574726044.000000	0.988821
731.0	4663717222286210.000000	0.979972
733.0	4663716864171271.000000	0.971200
735.0	4663716500798406.000000	0.962503
737.0	4663716132569786.000000	0.953882
739.0	4663715759873038.000000	0.945336
741.0	4663715383081685.000000	0.936864
743.0	4663715002555568.000000	0.928465
745.0	4663714618641253.000000	0.920139
747.0	4663714231672390.000000	0.911886
749.0	4663713841970080.000000	0.903704
751.0	4663713449843243.000000	0.895592
753.0	4663713055588999.000000	0.887552
755.0	4663712659493029.000000	0.879581
757.0	4663712261829938.000000	0.871679
759.0	4663711862863570.000000	0.863846
761.0	4663711462847319.000000	0.856081
763.0	4663711062024432.000000	0.848383
765.0	4663710660628312.000000	0.840752
767.0	4663710258882837.000000	0.833187
769.0	4663709857002666.000000	0.825688
771.0	4663709455193529.000000	0.818254
773.0	4663709053652484.000000	0.810885
775.0	4663708652568184.000000	0.803580
777.0	4663708252121117.000000	0.796338
779.0	4663707852483869.000000	0.789159
781.0	4663707453821380.000000	0.782043
783.0	4663707056291206.000000	0.774988
785.0	4663706660043744.000000	0.767995
787.0	4663706265222457.000000	0.761063
789.0	4663705871964081.000000	0.754191
791.0	4663705480398830.000000	0.747379
793.0	4663705090650615.000000	0.740626
795.0	4663704702837258.000000	0.733931
797.0	4663704317070702.000000	0.727296
799.0	4663703933457195.000000	0.720718
801.0	4663703552097479.000000	0.714197
803.0	4663703173086953.000000	0.707733
805.0	4663702796515849.000000	0.701325
807.0	4663702422469411.000000	0.694973
809.0	4663702051028071.000000	0.688676
811.0	4663701682267620.000000	0.682435
813.0	4663701316259361.000000	0.676248
815.0	4663700953070258.000000	0.670114
817.0	4663700592763072.000000	0.664035
819.0	4663700235396507.000000	0.658008
821.0	4663699881025359.000000	0.652034
823.0	4663699529700656.000000	0.646112
825.0	4663699181469801.000000	0.640242
827.0	4663698836376697.000000	0.634423
829.0	4663698494461859.000000	0.628655
831.0	4663698155762535.000000	0.622937
833.0	4663697820312827.000000	0.617269
835.0	4663697488143801.000000	0.611651
837.0	4663697159283616.000000	0.606082
839.0	4663696833757633.000000	0.600562
841.0	4663696511588512.000000	0.595090
843.0	4663696192796308.000000	0.589665
845.0	4663695877398569.000000	0.584289
847.0	4663695565410433.000000	0.578959
849.0	4663695256844721.000000	0.573676
851.0	4663694951712041.000000	0.568440
853.0	4663694650020869.000000	0.563249
855.0	4663694351777636.000000	0.558104
857.0	4663694056986806.000000	0.553004
859.0	4663693765650940.000000	0.547948
861.0	4663693477770796.000000	0.542937
863.0	4663693193345392.000000	0.537970
865.0	4663692912372089.000000	0.533046
867.0	4663692634846667.000000	0.528166
869.0	4663692360763381.000000	0.523329
871.0	4663692090115029.000000	0.518534
873.0	4663691822893008.000000	0.513781
875.0	4663691559087386.000000	0.509070
877.0	4663691298686961.000000	0.504401
879.0	4663691041679328.000000	0.499772
881.0	4663690788050928.000000	0.495184
883.0	4663690537787104.000000	0.490637
885.0	4663690290872148.000000	0.486130
887.0	4663690047289356.000000	0.481662
889.0	4663689807021074.000000	0.477234
891.0	4663689570048750.000000	0.472844
893.0	4663689336352989.000000	0.468494
895.0	4663689105913590.000000	0.464182
897.0	4663688878709590.000000	0.459908
899.0	4663688654719301.000000	0.455671
901.0	4663688433920353.000000	0.451472
903.0	4663688216289731.000000	0.447310
905.0	4663688001803823.000000	0.443185
907.0	4663687790438451.000000	0.439096
909.0	4663687582168910.000000	0.435043
911.0	4663687376969995.000000	0.431026
913.0	4663687174816036.000000	0.427045
915.0	4663686975680927.000000	0.423099
917.0	4663686779538164.000000	0.419188
919.0	4663686586360867.000000	0.415311
921.0	4663686396121820.000000	0.411469
923.0	4663686208793492.000000	0.407661
925.0	4663686024348062.000000	0.403886
927.0	4663685842757444.000000	0.400145
929.0	4663685663993307.000000	0.396438
931.0	4663685488027110.000000	0.392763
933.0	4663685314830118.000000	0.389120
935.0	4663685144373431.000000	0.385510
937.0	4663684976628000.000000	0.381933
939.0	4663684811564646.000000	0.378386
941.0	4663684649154077.000000	0.374872
943.0	4663684489366912.000000	0.371388
945.0	4663684332173697.000000	0.367936
947.0	4663684177544924.000000	0.364514
949.0	4663684025451053.000000	0.361123
951.0	4663683875862517.000000	0.357762
953.0	4663683728749743.000000	0.354431
955.0	4663683584083164.000000	0.351129
957.0	4663683441833235.000000	0.347857
959.0	4663683301970448.000000	0.344615
961.0	4663683164465340.000000	0.341401
963.0	4663683029288517.000000	0.338215
965.0	4663682896410653.000000	0.335059
967.0	4663682765802507.000000	0.331930
969.0	4663682637434930.000000	0.328829
971.0	4663682511278878.000000	0.325756
973.0	4663682387305421.000000	0.322711
975.0	4663682265485759.000000	0.319692
977.0	4663682145791220.000000	0.316701
979.0	4663682028193281.000000	0.313737
981.0	4663681912663558.000000	0.310799
983.0	4663681799173831.000000	0.307887
985.0	4663681687696041.000000	0.305001
987.0	4663681578202299.000000	0.302142
989.0	4663681470664901.000000	0.299308
991.0	4663681365056324.000000	0.296499
993.0	4663681261349233.000000	0.293716
995.0	4663681159516491.000000	0.290957
997.0	4663681059531158.000000	0.288223
999.0	4663680961366500.000000	0.285514
1001.0	4663680864995993.000000	0.282829
1003.0	4663680770393329.000000	0.280169
1005.0	4663680677532421.000000	0.277532
1007.0	4663680586387397.000000	0.274919
1009.0	4663680496932615.000000	0.272330
1011.0	4663680409142659.000000	0.269763
1013.0	4663680322992343.000000	0.267220
1015.0	4663680238456719.000000	0.264700
1017.0	4663680155511071.000000	0.262203
1019.0	4663680074130930.000000	0.259728
1021.0	4663679994292060.000000	0.257275
1023.0	4663679915970472.000000	0.254845
1025.0	4663679839142419.000000	0.252436
1027.0	4663679763784398.000000	0.250050
1029.0	4663679689873158.000000	0.247685
1031.0	4663679617385695.000000	0.245341
1033.0	4663679546299255.000000	0.243018
1035.0	4663679476591332.000000	0.240717
1037.0	4663679408239672.000000	0.238436
1039.0	4663679341222273.000000	0.236176
1041.0	4663679275517380.000000	0.233936
1043.0	4663679211103496.000000	0.231717
1045.0	4663679147959371.000000	0.229518
1047.0	4663679086064016.000000	0.227339
1049.0	4663679025396681.000000	0.225179
1051.0	4663678965936877.000000	0.223039
1053.0	4663678907664360.000000	0.220919
1055.0	4663678850559140.000000	0.218818
1057.0	4663678794601477.000000	0.216736
1059.0	4663678739771879.000000	0.214673
1061.0	4663678686051104.000000	0.212629
1063.0	4663678633420159.000000	0.210603
1065.0	4663678581860292.000000	0.208596
1067.0	4663678531353003.000000	0.206607
1069.0	4663678481880029.000000	0.204636
1071.0	4663678433423362.000000	0.202683
1073.0	4663678385965226.000000	0.200748
1075.0	4663678339488090.000000	0.198830
1077.0	4663678293974664.000000	0.196930
1079.0	4663678249407892.000000	0.195048
1081.0	4663678205770955.000000	0.193182
1083.0	4663678163047273.000000	0.191334
1085.0	4663678121220496.000000	0.189503
1087.0	4663678080274509.000000	0.187688
1089.0	4663678040193421.000000	0.185890
1091.0	4663678000961577.000000	0.184108
1093.0	4663677962563543.000000	0.182343
1095.0	4663677924984111.000000	0.180594
1097.0	4663677888208299.000000	0.178861
1099.0	4663677852221340.000000	0.177144
1101.0	4663677817008694.000000	0.175442
1103.0	4663677782556033.000000	0.173756
1105.0	4663677748849245.000000	0.172086
1107.0	4663677715874431.000000	0.170431
1109.0	4663677683617905.000000	0.168791
1111.0	4663677652066191.000000	0.167167
1113.0	4663677621206016.000000	0.165557
1115.0	4663677591024318.000000	0.163962
1117.0	4663677561508232.000000	0.162382
1119.0	4663677532645101.000000	0.160816
1121.0	4663677504422461.000000	0.159265
1123.0	4663677476828045.000000	0.157728
1125.0	4663677449849786.000000	0.156205
1127.0	4663677423475806.000000	0.154696
1129.0	4663677397694419.000000	0.153202
1131.0	4663677372494126.000000	0.151721
1133.0	4663677347863614.000000	0.150253
1135.0	4663677323791754.000000	0.148800
1137.0	4663677300267602.000000	0.147359
1139.0	4663677277280390.000000	0.145932
1141.0	4663677254819531.000000	0.144519
1143.0	4663677232874611.000000	0.143118
1145.0	4663677211435391.000000	0.141730
1147.0	4663677190491803.000000	0.140356
1149.0	4663677170033948.000000	0.138993
1151.0	4663677150052092.000000	0.137644
1153.0	4663677130536673.000000	0.136307
1155.0	4663677111478281.000000	0.134983
1157.0	4663677092867679.000000	0.133670
1159.0	4663677074695777.000000	0.132370
1161.0	4663677056953649.000000	0.131083
1163.0	4663677039632521.000000	0.129807
1165.0	4663677022723774.000000	0.128543
1167.0	4663677006218934.000000	0.127290
1169.0	4663676990109683.000000	0.126050
1171.0	4663676974387844.000000	0.124821
1173.0	4663676959045383.000000	0.123603
1175.0	4663676944074412.000000	0.122397
1177.0	4663676929467184.000000	0.121202
1179.0	4663676915216087.000000	0.120018
1181.0	4663676901313646.000000	0.118845
1183.0	4663676887752524.000000	0.117684
1185.0	4663676874525512.000000	0.116533
1187.0	4663676861625536.000000	0.115392
1189.0	4663676849045646.000000	0.114263
1191.0	4663676836779022.000000	0.113144
1193.0	4663676824818967.000000	0.112035
1195.0	4663676813158911.000000	0.110937
1197.0	4663676801792401.000000	0.109850
1199.0	4663676790713106.000000	0.108772
1201.0	4663676779914810.000000	0.107705
1203.0	4663676769391416.000000	0.106647
1205.0	4663676759136939.000000	0.105600
1207.0	4663676749145508.000000	0.104562
1209.0	4663676739411360.000000	0.103534
1211.0	4663676729928845.000000	0.102516
1213.0	4663676720692415.000000	0.101507
1215.0	4663676711696633.000000	0.100508
1217.0	4663676702936161.000000	0.099518
1219.0	4663676694405766.000000	0.098538
1221.0	4663676686100316.000000	0.097567
1223.0	4663676678014777.000000	0.096605
1225.0	4663676670144211.000000	0.095652
1227.0	4663676662483777.000000	0.094708
1229.0	4663676655028729.000000	0.093773
1231.0	4663676647774415.000000	0.092847
1233.0	4663676640716269.000000	0.091929
1235.0	4663676633849819.000000	0.091020
1237.0	4663676627170680.000000	0.090120
1239.0	4663676620674556.000000	0.089228
1241.0	4663676614357234.000000	0.088345
1243.0	4663676608214582.000000	0.087470
1245.0	4663676602242556.000000	0.086604
1247.0	4663676596437190.000000	0.085746
1249.0	4663676590794598.000000	0.084895
1251.0	4663676585310973.000000	0.084053
1253.0	4663676579982585.000000	0.083219
1255.0	4663676574805779.000000	0.082393
1257.0	4663676569776974.000000	0.081575
1259.0	4663676564892663.000000	0.080764
1261.0	4663676560149410.000000	0.079961
1263.0	4663676555543853.000000	0.079166
1265.0	4663676551072692.000000	0.078378
1267.0	4663676546732702.000000	0.077598
1269.0	4663676542520722.000000	0.076826
1271.0	4663676538433657.000000	0.076060
1273.0	4663676534468475.000000	0.075302
1275.0	4663676530622210.000000	0.074551
1277.0	4663676526891958.000000	0.073808
1279.0	4663676523274875.000000	0.073071
1281.0	4663676519768174.000000	0.072342
1283.0	4663676516369136.000000	0.071619
1285.0	4663676513075088.000000	0.070904
1287.0	4663676509883424.000000	0.070195
1289.0	4663676506791588.000000	0.069493
1291.0	4663676503797079.000000	0.068798
1293.0	4663676500897455.000000	0.068109
1295.0	4663676498090319.000000	0.067427
1297.0	4663676495373330.000000	0.066752
1299.0	4663676492744197.000000	0.066083
1301.0	4663676490200680.000000	0.065421
1303.0	4663676487740589.000000	0.064765
1305.0	4663676485361776.000000	0.064115
1307.0	4663676483062144.000000	0.063471
1309.0	4663676480839645.000000	0.062834
1311.0	4663676478692272.000000	0.062203
1313.0	4663676476618064.000000	0.061577
1315.0	4663676474615103.000000	0.060958
1317.0	4663676472681515.000000	0.060345
1319.0	4663676470815467.000000	0.059738
1321.0	4663676469015166.000000	0.059136
1323.0	4663676467278862.000000	0.058541
1325.0	4663676465604841.000000	0.057951
1327.0	4663676463991431.000000	0.057367
1329.0	4663676462436997.000000	0.056788
1331.0	4663676460939941.000000	0.056216
1333.0	4663676459498701.000000	0.055648
1335.0	4663676458111751.000000	0.055086
1337.0	4663676456777601.000000	0.054530
1339.0	4663676455494796.000000	0.053979
1341.0	4663676454261910.000000	0.053433
1343.0	4663676453077556.000000	0.052893
1345.0	4663676451940375.000000	0.052358
1347.0	4663676450849045.000000	0.051828
1349.0	4663676449802266.000000	0.051303
1351.0	4663676448798780.000000	0.050783
1353.0	4663676447837348.000000	0.050269
1355.0	4663676446916768.000000	0.049759
1357.0	4663676446035862.000000	0.049254
1359.0	4663676445193483.000000	0.048755
1361.0	4663676444388509.000000	0.048260
1363.0	4663676443619846.000000	0.047770
1365.0	4663676442886426.000000	0.047284
1367.0	4663676442187208.000000	0.046804
1369.0	4663676441521175.000000	0.046328
1371.0	4663676440887335.000000	0.045857
1373.0	4663676440284720.000000	0.045390
1375.0	4663676439712385.000000	0.044928
1377.0	4663676439169412.000000	0.044471
1379.0	4663676438654900.000000	0.044018
1381.0	4663676438167973.000000	0.043569
1383.0	4663676437707778.000000	0.043125
1385.0	4663676437273481.000000	0.042685
1387.0	4663676436864271.000000	0.042249
1389.0	4663676436479354.000000	0.041818
1391.0	4663676436117961.000000	0.041391
1393.0	4663676435779337.000000	0.040968
1395.0	4663676435462751.000000	0.040549
1397.0	4663676435167487.000000	0.040135
1399.0	4663676434892849.000000	0.039724
1401.0	4663676434638157.000000	0.039318
1403.0	4663676434402753.000000	0.038915
1405.0	4663676434185991.000000	0.038517
1407.0	4663676433987245.000000	0.038122
1409.0	4663676433805902.000000	0.037731
1411.0	4663676433641368.000000	0.037345
1413.0	4663676433493065.000000	0.036961
1415.0	4663676433360429.000000	0.036582
1417.0	4663676433242907.000000	0.036207
1419.0	4663676433139970.000000	0.035835
1421.0	4663676433051094.000000	0.035467
1423.0	4663676432975774.000000	0.035102
1425.0	4663676432913519.000000	0.034741
1427.0	4663676432863846.000000	0.034384
1429.0	4663676432826291.000000	0.034030
1431.0	4663676432800401.000000	0.033680
1433.0	4663676432785733.000000	0.033333
1435.0	4663676432781859.000000	0.032990
1437.0	4663676432788361.000000	0.032650
1439.0	4663676432804833.000000	0.032313
1441.0	4663676432830883.000000	0.031980
1443.0	4663676432866126.000000	0.031650
1445.0	4663676432910190.000000	0.031323
1447.0	4663676432962714.000000	0.031000
1449.0	4663676433023343.000000	0.030680
1451.0	4663676433091739.000000	0.030363
1453.0	4663676433167569.000000	0.030049
1455.0	4663676433250511.000000	0.029738
1457.0	4663676433340252.000000	0.029431
1459.0	4663676433436488.000000	0.029126
1461.0	4663676433538924.000000	0.028825
1463.0	4663676433647275.000000	0.028526
1465.0	4663676433761263.000000	0.028231
1467.0	4663676433880617.000000	0.027938
1469.0	4663676434005078.000000	0.027648
1471.0	4663676434134390.000000	0.027362
1473.0	4663676434268309.000000	0.027078
1475.0	4663676434406596.000000	0.026797
1477.0	4663676434549022.000000	0.026518
1479.0	4663676434695362.000000	0.026243
1481.0	4663676434845397.000000	0.025970
1483.0	4663676434998919.000000	0.025700
1485.0	4663676435155724.000000	0.025433
1487.0	4663676435315615.000000	0.025169
1489.0	4663676435478402.000000	0.024907
1491.0	4663676435643899.000000	0.024647
1493.0	4663676435811928.000000	0.024391
1495.0	4663676435982316.000000	0.024137
1497.0	4663676436154896.000000	0.023885
1499.0	4663676436329507.000000	0.023636
1501.0	4663676436505990.000000	0.023390
