-75.0	0.000000	0.000000
-73.0	153356.630069	0.011588
-71.0	1000551.286099	0.028829
-69.0	3706743.061062	0.053668
-67.0	10978954.500698	0.089260
-65.0	28984198.264885	0.140721
-63.0	71540185.863585	0.215937
-61.0	168968749.904491	0.326310
-59.0	386135729.767044	0.487443
-57.0	857957106.192812	0.719964
-55.0	1857057774.908639	1.050648
-53.0	3918775943.694903	1.513894
-51.0	8065125798.945498	2.153440
-49.0	16193581026.613953	3.024114
-47.0	31730103711.615845	4.193362
-45.0	60688879642.276962	5.742319
-43.0	113331307628.904190	7.766203
-41.0	206667296687.170105	10.373848
-39.0	368080275709.154724	13.686194
-37.0	640363737755.537842	17.833528
-35.0	1088404927324.907715	22.951290
-33.0	1807609978724.390625	29.174250
-31.0	2933907331154.470215	36.629031
-29.0	4654779923241.511719	45.425088
-27.0	7220276583345.583984	55.644486
-25.0	10952393856213.156250	67.331083
-23.0	16250700978418.410156	80.479856
-21.0	23591741715525.328125	95.027303
-19.0	33519744682330.707031	110.843868
-17.0	46626649116978.195312	127.729329
-15.0	63520484344710.234375	145.411961
-13.0	84782699907087.250000	163.552134
-11.0	110916964206083.218750	181.750666
-9.0	142293930432957.250000	199.561946
-7.0	179098111261768.437500	216.511375
-5.0	221283893995798.062500	232.116258
-3.0	268547539528896.750000	245.908869
-1.0	320320604394437.125000	257.460114
1.0	375787721379300.875000	266.402065
3.0	433928443173684.437500	272.447663
5.0	493579458033595.625000	275.406103
7.0	553510557444998.625000	275.192738
9.0	612505826711304.500000	271.832813
11.0	669440986561141.875000	265.458850
13.0	723348699168788.250000	256.302005
15.0	773465737928226.750000	244.678192
17.0	819258756471545.500000	230.970169
19.0	860428421357630.125000	215.607025
21.0	896894361451962.000000	199.042632
23.0	928765337069069.625000	181.734608
25.0	956300044060427.125000	164.125142
27.0	979864049301215.375000	146.624775
29.0	999887677306014.125000	129.599868
31.0	1016828502104723.375000	113.364134
33.0	1031140734562037.000000	98.174237
35.0	1043252483975730.750000	84.229164
37.0	1053550788971364.875000	71.672773
39.0	1062373544884770.750000	60.598545
41.0	1070007015092842.375000	51.055142
43.0	1076687459839119.125000	43.050702
45.0	1082605476526034.000000	36.553236
47.0	1087911841497445.250000	31.485175
49.0	1092723904421855.250000	27.714065
51.0	1097131858176371.500000	25.048774
53.0	1101204453710267.000000	23.253763
55.0	1104993931460325.125000	22.082980
57.0	1108540092132195.125000	21.317490
59.0	1111873532401105.250000	20.788428
61.0	1115018132613263.125000	20.380537
63.0	1117992913184745.500000	20.023314
65.0	1120813383398052.125000	19.678372
67.0	1123492498832610.625000	19.328020
69.0	1126041328227451.750000	18.966733
71.0	1128469511943212.000000	18.595400
73.0	1130785575604242.000000	18.217743
75.0	1132997145907443.000000	17.838248
77.0	1135111101911143.750000	17.461077
79.0	1137133684548028.000000	17.089611
81.0	1139070579350830.250000	16.726354
83.0	1140926981925548.250000	16.373006
85.0	1142707652011808.250000	16.030624
87.0	1144416959569424.750000	15.699758
89.0	1146058924862447.000000	15.380584
91.0	1147637253693613.750000	15.073005
93.0	1149155368538056.000000	14.776739
95.0	1150616436141686.500000	14.491401
97.0	1152023392048933.500000	14.216551
99.0	1153378962437230.750000	13.951738
101.0	1154685683553308.500000	13.696505
103.0	1155945918989612.500000	13.450391
105.0	1157161875021920.500000	13.212935
107.0	1158335614239506.750000	12.983681
109.0	1159469067706856.000000	12.762195
111.0	1160564045876077.250000	12.548076
113.0	1161622248420788.500000	12.340956
115.0	1162645273107531.250000	12.140489
117.0	1163634623786516.500000	11.946345
119.0	1164591717580419.000000	11.758202
121.0	1165517891365719.500000	11.575752
123.0	1166414407651515.500000	11.398710
125.0	1167282459949029.500000	11.226820
127.0	1168123177694024.750000	11.059850
129.0	1168937630752647.750000	10.897580
131.0	1169726833527571.750000	10.739799
133.0	1170491748690102.250000	10.586299
135.0	1171233290582576.250000	10.436881
137.0	1171952328345339.000000	10.291364
139.0	1172649688813672.500000	10.149586
141.0	1173326159207814.500000	10.011399
143.0	1173982489619329.250000	9.876662
145.0	1174619395292718.250000	9.745233
147.0	1175237558712764.750000	9.616973
149.0	1175837631524133.750000	9.491749
151.0	1176420236316170.500000	9.369441
153.0	1176985968297137.250000	9.249942
155.0	1177535396864956.250000	9.133154
157.0	1178069067068702.500000	9.018980
159.0	1178587500955337.250000	8.907321
161.0	1179091198807691.000000	8.798081
163.0	1179580640292210.750000	8.691165
165.0	1180056285538159.500000	8.586493
167.0	1180518576161465.250000	8.483991
169.0	1180967936233027.500000	8.383591
171.0	1181404773183239.250000	8.285224
173.0	1181829478637193.000000	8.188819
175.0	1182242429185430.250000	8.094304
177.0	1182643987104325.750000	8.001615
179.0	1183034501040974.000000	7.910693
181.0	1183414306669437.000000	7.821487
183.0	1183783727314923.500000	7.733949
185.0	1184143074537733.000000	7.648026
187.0	1184492648672746.000000	7.563667
189.0	1184832739329126.000000	7.480819
191.0	1185163625861397.000000	7.399434
193.0	1185485577822191.500000	7.319469
195.0	1185798855399722.000000	7.240890
197.0	1186103709835248.750000	7.163659
199.0	1186400383813435.000000	7.087737
201.0	1186689111822895.750000	7.013085
203.0	1186970120491556.000000	6.939662
205.0	1187243628905762.250000	6.867433
207.0	1187509848920207.250000	6.796368
209.0	1187768985459364.750000	6.726440
211.0	1188021236805443.750000	6.657621
213.0	1188266794867082.750000	6.589882
215.0	1188505845427427.500000	6.523189
217.0	1188738568376079.250000	6.457514
219.0	1188965137932046.000000	6.392829
221.0	1189185722862385.000000	6.329112
223.0	1189400486695825.250000	6.266343
225.0	1189609587926617.000000	6.204501
227.0	1189813180204160.750000	6.143560
229.0	1190011412508097.500000	6.083496
231.0	1190204429313086.250000	6.024286
233.0	1190392370748884.250000	5.965909
235.0	1190575372758675.250000	5.908349
237.0	1190753567254129.000000	5.851590
239.0	1190927082262943.750000	5.795615
241.0	1191096042065600.250000	5.740403
243.0	1191260567321771.750000	5.685935
245.0	1191420775190237.250000	5.632193
247.0	1191576779446641.750000	5.579161
249.0	1191728690600772.750000	5.526826
251.0	1191876616011435.000000	5.475176
253.0	1192020659995287.500000	5.424197
255.0	1192160923927365.750000	5.373872
257.0	1192297506334232.250000	5.324186
259.0	1192430502983171.250000	5.275123
261.0	1192560006970696.000000	5.226673
263.0	1192686108811133.000000	5.178825
265.0	1192808896523226.750000	5.131569
267.0	1192928455711755.250000	5.084892
269.0	1193044869642691.000000	5.038783
271.0	1193158219313143.000000	4.993226
273.0	1193268583519030.000000	4.948212
275.0	1193376038922872.250000	4.903731
277.0	1193480660121839.250000	4.859774
279.0	1193582519714020.250000	4.816335
281.0	1193681688360516.500000	4.773401
283.0	1193778234842516.000000	4.730963
285.0	1193872226114724.750000	4.689009
287.0	1193963727357638.000000	4.647530
289.0	1194052802030335.000000	4.606520
291.0	1194139511923502.250000	4.565971
293.0	1194223917210799.250000	4.525877
295.0	1194306076496705.250000	4.486229
297.0	1194386046860476.750000	4.447016
299.0	1194463883897625.000000	4.408232
301.0	1194539641760944.750000	4.369868
303.0	1194613373202221.000000	4.331918
305.0	1194685129614050.250000	4.294378
307.0	1194754961070097.250000	4.257242
309.0	1194822916362385.750000	4.220500
311.0	1194889043035604.750000	4.184146
313.0	1194953387419781.250000	4.148172
315.0	1195015994662946.750000	4.112573
317.0	1195076908764492.000000	4.077344
319.0	1195136172608492.750000	4.042481
321.0	1195193827995560.750000	4.007977
323.0	1195249915672212.000000	3.973827
325.0	1195304475357972.500000	3.940023
327.0	1195357545771460.750000	3.906560
329.0	1195409164656726.000000	3.873433
331.0	1195459368810196.500000	3.840638
333.0	1195508194107468.750000	3.808172
335.0	1195555675528716.500000	3.776029
337.0	1195601847182045.000000	3.744204
339.0	1195646742325148.750000	3.712691
341.0	1195690393386392.750000	3.681485
343.0	1195732831986273.500000	3.650582
345.0	1195774088959383.000000	3.619979
347.0	1195814194376097.250000	3.589674
349.0	1195853177562997.750000	3.559660
351.0	1195891067121607.000000	3.529934
353.0	1195927890945879.500000	3.500490
355.0	1195963676239424.750000	3.471324
357.0	1195998449533157.500000	3.442434
359.0	1196032236703321.500000	3.413817
361.0	1196065062989158.750000	3.385469
363.0	1196096953009431.500000	3.357386
365.0	1196127930777573.750000	3.329565
367.0	1196158019715959.750000	3.302001
369.0	1196187242670110.000000	3.274690
371.0	1196215621923311.750000	3.247631
373.0	1196243179211502.000000	3.220820
375.0	1196269935737731.750000	3.194256
377.0	1196295912185614.250000	3.167934
379.0	1196321128731673.250000	3.141850
381.0	1196345605057089.000000	3.116001
383.0	1196369360359506.250000	3.090385
385.0	1196392413365230.750000	3.064998
387.0	1196414782341564.250000	3.039840
389.0	1196436485108704.250000	3.014907
391.0	1196457539050746.250000	2.990197
393.0	1196477961125822.000000	2.965705
395.0	1196497767875847.750000	2.941429
397.0	1196516975436408.500000	2.917366
399.0	1196535599546976.250000	2.893515
401.0	1196553655561179.750000	2.869874
403.0	1196571158456622.750000	2.846441
405.0	1196588122843935.500000	2.823212
407.0	1196604562975154.000000	2.800184
409.0	1196620492751866.500000	2.777355
411.0	1196635925733536.750000	2.754724
413.0	1196650875146098.750000	2.732288
415.0	1196665353890526.000000	2.710045
417.0	1196679374550965.500000	2.687994
419.0	1196692949402213.250000	2.666132
421.0	1196706090416687.500000	2.644456
423.0	1196718809271277.250000	2.622964
425.0	1196731117354384.250000	2.601655
427.0	1196743025773170.500000	2.580527
429.0	1196754545360727.000000	2.559578
431.0	1196765686682829.000000	2.538806
433.0	1196776460044140.000000	2.518209
435.0	1196786875494045.250000	2.497785
437.0	1196796942832441.750000	2.477532
439.0	1196806671615716.000000	2.457449
441.0	1196816071162869.250000	2.437533
443.0	1196825150561522.750000	2.417784
445.0	1196833918673543.500000	2.398200
447.0	1196842384140213.500000	2.378778
449.0	1196850555387136.000000	2.359517
451.0	1196858440629150.500000	2.340415
453.0	1196866047875423.500000	2.321471
455.0	1196873384934626.500000	2.302683
457.0	1196880459419979.500000	2.284051
459.0	1196887278753941.000000	2.265572
461.0	1196893850172535.500000	2.247244
463.0	1196900180729496.000000	2.229066
465.0	1196906277300455.750000	2.211037
467.0	1196912146587284.250000	2.193154
469.0	1196917795122473.500000	2.175418
471.0	1196923229273374.500000	2.157827
473.0	1196928455246116.750000	2.140379
475.0	1196933479089242.500000	2.123072
477.0	1196938306697221.250000	2.105905
479.0	1196942943814030.250000	2.088877
481.0	1196947396036854.250000	2.071987
483.0	1196951668819803.500000	2.055234
485.0	1196955767477468.250000	2.038616
487.0	1196959697188207.500000	2.022132
489.0	1196963462997208.250000	2.005780
491.0	1196967069819477.000000	1.989559
493.0	1196970522442904.500000	1.973468
495.0	1196973825531424.250000	1.957507
497.0	1196976983628160.250000	1.941673
499.0	1196980001158417.500000	1.925967
501.0	1196982882432439.000000	1.910386
503.0	1196985631647993.250000	1.894929
505.0	1196988252892926.750000	1.879595
507.0	1196990750147788.250000	1.864383
509.0	1196993127288527.000000	1.849292
511.0	1196995388089157.500000	1.834322
513.0	1196997536224271.750000	1.819470
515.0	1196999575271358.500000	1.804737
517.0	1197001508712996.750000	1.790120
519.0	1197003339939035.500000	1.775618
521.0	1197005072248846.000000	1.761232
523.0	1197006708853623.500000	1.746959
525.0	1197008252878639.500000	1.732800
527.0	1197009707365356.250000	1.718752
529.0	1197011075273379.000000	1.704815
531.0	1197012359482318.000000	1.690988
533.0	1197013562793656.000000	1.677270
535.0	1197014687932679.500000	1.663659
537.0	1197015737550439.250000	1.650156
539.0	1197016714225654.250000	1.636760
541.0	1197017620466489.000000	1.623469
543.0	1197018458712201.750000	1.610282
545.0	1197019231334726.000000	1.597198
547.0	1197019940640274.000000	1.584217
549.0	1197020588870989.250000	1.571338
551.0	1197021178206615.750000	1.558560
553.0	1197021710766104.750000	1.545882
555.0	1197022188609111.500000	1.533304
557.0	1197022613737382.750000	1.520823
559.0	1197022988096108.750000	1.508441
561.0	1197023313575294.750000	1.496155
563.0	1197023592011177.250000	1.483965
565.0	1197023825187640.500000	1.471871
567.0	1197024014837574.500000	1.459871
569.0	1197024162644128.500000	1.447965
571.0	1197024270241888.250000	1.436152
573.0	1197024339218027.000000	1.424430
575.0	1197024371113481.750000	1.412800
577.0	1197024367424163.250000	1.401261
579.0	1197024329602157.250000	1.389812
581.0	1197024259056867.750000	1.378453
583.0	1197024157156071.750000	1.367182
585.0	1197024025226913.750000	1.355998
587.0	1197023864556889.500000	1.344902
589.0	1197023676394852.000000	1.333892
591.0	1197023461952045.000000	1.322967
593.0	1197023222403119.250000	1.312128
595.0	1197022958887092.250000	1.301373
597.0	1197022672508236.500000	1.290702
599.0	1197022364336921.500000	1.280114
601.0	1197022035410451.500000	1.269608
603.0	1197021686733928.250000	1.259184
605.0	1197021319281128.750000	1.248841
607.0	1197020933995364.500000	1.238579
609.0	1197020531790287.000000	1.228396
611.0	1197020113550634.750000	1.218293
613.0	1197019680132943.500000	1.208268
615.0	1197019232366264.500000	1.198321
617.0	1197018771052899.250000	1.188451
619.0	1197018296969145.250000	1.178658
621.0	1197017810866020.250000	1.168941
623.0	1197017313469936.500000	1.159300
625.0	1197016805483327.000000	1.149734
627.0	1197016287585251.000000	1.140242
629.0	1197015760432001.250000	1.130824
631.0	1197015224657734.000000	1.121479
633.0	1197014680875098.500000	1.112207
635.0	1197014129675845.750000	1.103007
637.0	1197013571631393.500000	1.093878
639.0	1197013007293350.250000	1.084821
641.0	1197012437194028.500000	1.075834
643.0	1197011861846963.250000	1.066916
645.0	1197011281747445.250000	1.058068
647.0	1197010697373053.750000	1.049290
649.0	1197010109184166.250000	1.040579
651.0	1197009517624429.250000	1.031937
653.0	1197008923121199.750000	1.023361
655.0	1197008326085978.000000	1.014852
657.0	1197007726914848.500000	1.006410
659.0	1197007125988931.500000	0.998033
661.0	1197006523674833.000000	0.989722
663.0	1197005920325068.500000	0.981475
665.0	1197005316278455.000000	0.973293
667.0	1197004711860484.000000	0.965175
669.0	1197004107383684.250000	0.957119
671.0	1197003503147995.500000	0.949127
673.0	1197002899441153.500000	0.941197
675.0	1197002296539062.750000	0.933329
677.0	1197001694706152.750000	0.925522
679.0	1197001094195702.750000	0.917776
681.0	1197000495250152.750000	0.910091
683.0	1196999898101410.250000	0.902466
685.0	1196999302971169.000000	0.894900
687.0	1196998710071229.000000	0.887393
689.0	1196998119603810.750000	0.879946
691.0	1196997531761848.000000	0.872556
693.0	1196996946729260.750000	0.865225
695.0	1196996364681212.000000	0.857950
697.0	1196995785784368.500000	0.850733
699.0	1196995210197166.500000	0.843572
701.0	1196994638070083.750000	0.836467
703.0	1196994069545897.250000	0.829418
705.0	1196993504759928.500000	0.822425
707.0	1196992943840266.750000	0.815486
709.0	1196992386907984.250000	0.808601
711.0	1196991834077355.250000	0.801771
713.0	1196991285456080.500000	0.794994
715.0	1196990741145510.500000	0.788270
717.0	1196990201240864.500000	0.781600
719.0	1196989665831426.250000	0.774982
721.0	1196989135000733.000000	0.768415
723.0	1196988608826752.500000	0.761901
725.0	1196988087382066.750000	0.755438
727.0	1196987570734059.500000	0.749025
729.0	1196987058945103.000000	0.742663
731.0	1196986552072735.750000	0.736352
733.0	1196986050169826.500000	0.730090
735.0	1196985553284725.750000	0.723878
737.0	1196985061461416.000000	0.717714
739.0	1196984574739663.500000	0.711599
741.0	1196984093155174.000000	0.705533
743.0	1196983616739748.750000	0.699514
745.0	1196983145521428.000000	0.693543
747.0	1196982679524625.250000	0.687620
749.0	1196982218770253.000000	0.681743
751.0	1196981763275846.000000	0.675913
753.0	1196981313055686.000000	0.670129
755.0	1196980868120932.750000	0.664390
757.0	1196980428479750.500000	0.658698
759.0	1196979994137426.750000	0.653050
761.0	1196979565096479.500000	0.647448
763.0	1196979141356760.250000	0.641889
765.0	1196978722915554.750000	0.636375
767.0	1196978309767688.250000	0.630905
769.0	1196977901905632.500000	0.625479
771.0	1196977499319607.750000	0.620095
773.0	1196977101997678.250000	0.614755
775.0	1196976709925842.000000	0.609457
777.0	1196976323088111.500000	0.604201
779.0	1196975941466596.250000	0.598987
781.0	1196975565041592.250000	0.593815
783.0	1196975193791665.750000	0.588684
785.0	1196974827693737.750000	0.583594
787.0	1196974466723160.750000	0.578545
789.0	1196974110853789.750000	0.573536
791.0	1196973760058046.750000	0.568568
793.0	1196973414306991.750000	0.563639
795.0	1196973073570390.500000	0.558749
797.0	1196972737816786.000000	0.553899
799.0	1196972407013564.750000	0.549088
801.0	1196972081127020.000000	0.544315
803.0	1196971760122403.250000	0.539581
805.0	1196971443963982.000000	0.534885
807.0	1196971132615092.750000	0.530226
809.0	1196970826038198.000000	0.525605
811.0	1196970524194942.750000	0.521022
813.0	1196970227046207.750000	0.516475
815.0	1196969934552157.750000	0.511965
817.0	1196969646672285.000000	0.507491
819.0	1196969363365451.500000	0.503053
821.0	1196969084589934.250000	0.498651
823.0	1196968810303469.750000	0.494285
825.0	1196968540463299.250000	0.489954
827.0	1196968275026210.250000	0.485658
829.0	1196968013948573.750000	0.481397
831.0	1196967757186379.000000	0.477171
833.0	1196967504695266.000000	0.472978
835.0	1196967256430560.500000	0.468820
837.0	1196967012347312.000000	0.464695
839.0	1196966772400326.000000	0.460604
841.0	1196966536544198.500000	0.456547
843.0	1196966304733343.000000	0.452522
845.0	1196966076922017.750000	0.448530
847.0	1196965853064350.000000	0.444571
849.0	1196965633114366.750000	0.440643
851.0	1196965417026019.000000	0.436748
853.0	1196965204753212.000000	0.432885
855.0	1196964996249826.750000	0.429053
857.0	1196964791469744.000000	0.425252
859.0	1196964590366862.000000	0.421483
861.0	1196964392895118.000000	0.417744
863.0	1196964199008507.250000	0.414036
865.0	1196964008661107.250000	0.410359
867.0	1196963821807095.500000	0.406711
869.0	1196963638400769.500000	0.403094
871.0	1196963458396561.250000	0.399506
873.0	1196963281749051.750000	0.395948
875.0	1196963108412986.250000	0.392419
877.0	1196962938343289.250000	0.388919
879.0	1196962771495083.000000	0.385448
881.0	1196962607823699.750000	0.382005
883.0	1196962447284695.750000	0.378591
885.0	1196962289833861.750000	0.375205
887.0	1196962135427234.000000	0.371847
889.0	1196961984021104.500000	0.368516
891.0	1196961835572033.000000	0.365214
893.0	1196961690036857.250000	0.361938
895.0	1196961547372706.250000	0.358690
897.0	1196961407537006.250000	0.355468
899.0	1196961270487489.500000	0.352274
901.0	1196961136182200.500000	0.349106
903.0	1196961004579503.500000	0.345964
905.0	1196960875638091.250000	0.342848
907.0	1196960749316992.750000	0.339758
909.0	1196960625575579.750000	0.336694
911.0	1196960504373572.750000	0.333655
913.0	1196960385671044.250000	0.330642
915.0	1196960269428425.250000	0.327654
917.0	1196960155606507.250000	0.324690
919.0	1196960044166450.250000	0.321752
921.0	1196959935069784.500000	0.318838
923.0	1196959828278419.500000	0.315949
925.0	1196959723754642.000000	0.313083
927.0	1196959621461120.250000	0.310242
929.0	1196959521360907.000000	0.307424
931.0	1196959423417440.500000	0.304630
933.0	1196959327594548.000000	0.301860
935.0	1196959233856449.500000	0.299113
937.0	1196959142167758.500000	0.296389
939.0	1196959052493483.750000	0.293688
941.0	1196958964799028.750000	0.291009
943.0	1196958879050192.500000	0.288353
945.0	1196958795213171.250000	0.285720
947.0	1196958713254559.000000	0.283109
949.0	1196958633141349.000000	0.280520
951.0	1196958554840933.000000	0.277952
953.0	1196958478321102.000000	0.275407
955.0	1196958403550044.250000	0.272883
957.0	1196958330496345.000000	0.270380
959.0	1196958259128985.500000	0.267899
961.0	1196958189417344.250000	0.265438
963.0	1196958121331195.250000	0.262999
965.0	1196958054840708.250000	0.260580
967.0	1196957989916445.000000	0.258182
969.0	1196957926529359.250000	0.255804
971.0	1196957864650795.000000	0.253447
973.0	1196957804252483.250000	0.251109
975.0	1196957745306543.250000	0.248792
977.0	1196957687785479.750000	0.246494
979.0	1196957631662181.000000	0.244216
981.0	1196957576909916.750000	0.241957
983.0	1196957523502334.750000	0.239718
985.0	1196957471413460.000000	0.237498
987.0	1196957420617691.000000	0.235297
989.0	1196957371089798.250000	0.233115
991.0	1196957322804923.250000	0.230951
993.0	1196957275738575.000000	0.228806
995.0	1196957229866625.000000	0.226680
997.0	1196957185165307.750000	0.224572
999.0	1196957141611215.750000	0.222482
1001.0	1196957099181296.750000	0.220410
1003.0	1196957057852852.750000	0.218355
1005.0	1196957017603536.250000	0.216319
1007.0	1196956978411347.000000	0.214300
1009.0	1196956940254629.000000	0.212299
1011.0	1196956903112066.500000	0.210315
1013.0	1196956866962681.750000	0.208348
1015.0	1196956831785831.750000	0.206398
1017.0	1196956797561205.500000	0.204465
1019.0	1196956764268820.500000	0.202549
1021.0	1196956731889020.000000	0.200649
1023.0	1196956700402468.500000	0.198766
1025.0	1196956669790148.500000	0.196899
1027.0	1196956640033358.750000	0.195049
1029.0	1196956611113708.000000	0.193215
1031.0	1196956583013115.500000	0.191396
1033.0	1196956555713805.000000	0.189594
1035.0	1196956529198302.500000	0.187807
1037.0	1196956503449432.250000	0.186036
1039.0	1196956478450313.000000	0.184281
1041.0	1196956454184354.750000	0.182540
1043.0	1196956430635255.750000	0.180815
1045.0	1196956407786999.750000	0.179105
1047.0	1196956385623851.750000	0.177410
1049.0	1196956364130354.250000	0.175730
1051.0	1196956343291325.000000	0.174065
1053.0	1196956323091851.000000	0.172415
1055.0	1196956303517289.000000	0.170779
1057.0	1196956284553258.000000	0.169157
1059.0	1196956266185639.250000	0.167550
1061.0	1196956248400571.500000	0.165956
1063.0	1196956231184448.000000	0.164377
1065.0	1196956214523911.250000	0.162812
1067.0	1196956198405852.250000	0.161261
1069.0	1196956182817405.500000	0.159723
1071.0	1196956167745946.250000	0.158199
1073.0	1196956153179088.250000	0.156689
1075.0	1196956139104678.250000	0.155192
1077.0	1196956125510794.750000	0.153708
1079.0	1196956112385742.750000	0.152237
1081.0	1196956099718053.000000	0.150780
1083.0	1196956087496476.250000	0.149335
1085.0	1196956075709981.750000	0.147903
1087.0	1196956064347753.500000	0.146485
1089.0	1196956053399187.500000	0.145078
1091.0	1196956042853887.250000	0.143685
1093.0	1196956032701664.250000	0.142303
1095.0	1196956022932528.750000	0.140934
1097.0	1196956013536693.000000	0.139578
1099.0	1196956004504563.750000	0.138233
1101.0	1196955995826742.250000	0.136901
1103.0	1196955987494020.250000	0.135580
1105.0	1196955979497375.250000	0.134272
1107.0	1196955971827971.250000	0.132975
1109.0	1196955964477151.250000	0.131690
1111.0	1196955957436438.500000	0.130416
1113.0	1196955950697531.750000	0.129154
1115.0	1196955944252302.500000	0.127903
1117.0	1196955938092792.750000	0.126664
1119.0	1196955932211211.500000	0.125435
1121.0	1196955926599932.500000	0.124218
1123.0	1196955921251491.000000	0.123012
1125.0	1196955916158581.750000	0.121817
1127.0	1196955911314056.750000	0.120632
1129.0	1196955906710920.750000	0.119459
1131.0	1196955902342331.250000	0.118296
1133.0	1196955898201593.500000	0.117143
1135.0	1196955894282159.250000	0.116001
1137.0	1196955890577624.250000	0.114870
1139.0	1196955887081725.000000	0.113748
1141.0	1196955883788337.000000	0.112637
1143.0	1196955880691473.000000	0.111536
1145.0	1196955877785278.750000	0.110445
1147.0	1196955875064031.750000	0.109364
1149.0	1196955872522139.750000	0.108293
1151.0	1196955870154136.000000	0.107232
1153.0	1196955867954679.250000	0.106180
1155.0	1196955865918551.250000	0.105139
1157.0	1196955864040653.000000	0.104106
1159.0	1196955862316004.500000	0.103083
1161.0	1196955860739741.250000	0.102070
1163.0	1196955859307112.750000	0.101066
1165.0	1196955858013479.000000	0.100071
1167.0	1196955856854311.500000	0.099085
1169.0	1196955855825188.250000	0.098108
1171.0	1196955854921792.500000	0.097141
1173.0	1196955854139912.000000	0.096182
1175.0	1196955853475435.500000	0.095232
1177.0	1196955852924351.000000	0.094291
1179.0	1196955852482745.250000	0.093359
1181.0	1196955852146800.250000	0.092435
1183.0	1196955851912791.500000	0.091520
1185.0	1196955851777088.000000	0.090613
1187.0	1196955851736148.500000	0.089715
1189.0	1196955851786520.000000	0.088825
1191.0	1196955851924836.500000	0.087943
1193.0	1196955852147817.500000	0.087070
1195.0	1196955852452265.750000	0.086205
1197.0	1196955852835065.250000	0.085347
1199.0	1196955853293181.500000	0.084498
1201.0	1196955853823657.500000	0.083657
1203.0	1196955854423613.500000	0.082824
1205.0	1196955855090244.500000	0.081998
1207.0	1196955855820819.750000	0.081180
1209.0	1196955856612681.500000	0.080370
1211.0	1196955857463242.000000	0.079567
1213.0	1196955858369982.500000	0.078772
1215.0	1196955859330453.750000	0.077984
1217.0	1196955860342270.500000	0.077204
1219.0	1196955861403115.000000	0.076431
1221.0	1196955862510731.500000	0.075666
1223.0	1196955863662927.750000	0.074907
1225.0	1196955864857571.000000	0.074156
1227.0	1196955866092590.500000	0.073412
1229.0	1196955867365971.250000	0.072675
1231.0	1196955868675757.750000	0.071945
1233.0	1196955870020049.000000	0.071221
1235.0	1196955871396998.250000	0.070505
1237.0	1196955872804814.250000	0.069795
1239.0	1196955874241756.250000	0.069093
1241.0	1196955875706135.000000	0.068396
1243.0	1196955877196311.500000	0.067707
1245.0	1196955878710695.500000	0.067024
1247.0	1196955880247745.000000	0.066347
1249.0	1196955881805963.250000	0.065677
1251.0	1196955883383900.750000	0.065014
1253.0	1196955884980152.250000	0.064356
1255.0	1196955886593355.000000	0.063705
1257.0	1196955888222190.250000	0.063060
1259.0	1196955889865379.750000	0.062422
1261.0	1196955891521686.000000	0.061789
1263.0	1196955893189912.000000	0.061163
1265.0	1196955894868898.500000	0.060542
1267.0	1196955896557524.500000	0.059928
1269.0	1196955898254705.500000	0.059319
1271.0	1196955899959393.750000	0.058716
1273.0	1196955901670575.500000	0.058119
1275.0	1196955903387273.000000	0.057528
1277.0	1196955905108540.750000	0.056943
1279.0	1196955906833465.750000	0.056363
1281.0	1196955908561167.500000	0.055788
1283.0	1196955910290796.250000	0.055220
1285.0	1196955912021532.750000	0.054656
1287.0	1196955913752587.250000	0.054099
1289.0	1196955915483199.000000	0.053546
1291.0	1196955917212634.500000	0.052999
1293.0	1196955918940188.500000	0.052458
1295.0	1196955920665182.750000	0.051921
1297.0	1196955922386963.000000	0.051390
1299.0	1196955924104902.750000	0.050864
1301.0	1196955925818398.500000	0.050343
1303.0	1196955927526872.250000	0.049827
1305.0	1196955929229768.000000	0.049316
1307.0	1196955930926552.750000	0.048810
1309.0	1196955932616716.750000	0.048309
1311.0	1196955934299770.000000	0.047813
1313.0	1196955935975245.500000	0.047322
1315.0	1196955937642695.750000	0.046836
1317.0	1196955939301692.500000	0.046354
1319.0	1196955940951828.000000	0.045877
1321.0	1196955942592712.750000	0.045405
1323.0	1196955944223975.000000	0.044937
1325.0	1196955945845262.250000	0.044475
1327.0	1196955947456238.000000	0.044016
1329.0	1196955949056582.750000	0.043562
1331.0	1196955950645993.750000	0.043113
1333.0	1196955952224183.750000	0.042668
1335.0	1196955953790880.750000	0.042227
1337.0	1196955955345828.500000	0.041791
1339.0	1196955956888784.500000	0.041359
1341.0	1196955958419520.250000	0.040931
1343.0	1196955959937821.250000	0.040508
1345.0	1196955961443486.750000	0.040089
1347.0	1196955962936327.750000	0.039674
1349.0	1196955964416168.500000	0.039263
1351.0	1196955965882845.000000	0.038856
1353.0	1196955967336205.000000	0.038453
1355.0	1196955968776108.000000	0.038054
1357.0	1196955970202424.250000	0.037659
1359.0	1196955971615034.500000	0.037268
1361.0	1196955973013829.750000	0.036881
1363.0	1196955974398711.250000	0.036498
1365.0	1196955975769589.750000	0.036119
1367.0	1196955977126385.750000	0.035743
1369.0	1196955978469027.750000	0.035372
1371.0	1196955979797454.500000	0.035004
1373.0	1196955981111611.750000	0.034639
1375.0	1196955982411454.250000	0.034279
1377.0	1196955983696944.250000	0.033922
1379.0	1196955984968051.750000	0.033568
1381.0	1196955986224754.750000	0.033218
1383.0	1196955987467036.750000	0.032872
1385.0	1196955988694889.250000	0.032529
1387.0	1196955989908310.250000	0.032189
1389.0	1196955991107304.250000	0.031853
1391.0	1196955992291881.000000	0.031521
1393.0	1196955993462056.500000	0.031191
1395.0	1196955994617853.000000	0.030865
1397.0	1196955995759297.750000	0.030543
1399.0	1196955996886423.000000	0.030223
1401.0	1196955997999266.250000	0.029907
1403.0	1196955999097869.750000	0.029594
1405.0	1196956000182280.500000	0.029285
1407.0	1196956001252550.250000	0.028978
1409.0	1196956002308734.000000	0.028675
1411.0	1196956003350891.750000	0.028374
1413.0	1196956004379087.000000	0.028077
1415.0	1196956005393387.250000	0.027782
1417.0	1196956006393863.000000	0.027491
1419.0	1196956007380589.000000	0.027203
1421.0	1196956008353642.250000	0.026917
1423.0	1196956009313103.750000	0.026635
1425.0	1196956010259056.750000	0.026355
1427.0	1196956011191588.000000	0.026079
1429.0	1196956012110786.000000	0.025805
1431.0	1196956013016742.500000	0.025534
1433.0	1196956013909551.250000	0.025265
1435.0	1196956014789308.750000	0.025000
1437.0	1196956015656112.750000	0.024737
1439.0	1196956016510064.000000	0.024477
1441.0	1196956017351264.250000	0.024220
1443.0	1196956018179818.000000	0.023965
1445.0	1196956018995830.250000	0.023713
1447.0	1196956019799409.250000	0.023463
1449.0	1196956020590663.000000	0.023216
1451.0	1196956021369701.250000	0.022972
1453.0	1196956022136635.750000	0.022730
1455.0	1196956022891579.000000	0.022491
1457.0	1196956023634644.250000	0.022254
1459.0	1196956024365946.250000	0.022019
1461.0	1196956025085600.000000	0.021787
1463.0	1196956025793722.500000	0.021558
1465.0	1196956026490429.750000	0.021330
1467.0	1196956027175840.750000	0.021106
1469.0	1196956027850072.500000	0.020883
1471.0	1196956028513244.250000	0.020663
1473.0	1196956029165475.250000	0.020445
1475.0	1196956029806884.500000	0.020229
1477.0	1196956030437593.000000	0.020016
1479.0	1196956031057719.500000	0.019805
1481.0	1196956031667385.250000	0.019596
1483.0	1196956032266710.250000	0.019389
1485.0	1196956032855815.250000	0.019185
1487.0	1196956033434820.250000	0.018982
1489.0	1196956034003846.250000	0.018782
1491.0	1196956034563013.250000	0.018584
1493.0	1196956035112441.500000	0.018387
1495.0	1196956035652251.250000	0.018193
1497.0	1196956036182562.250000	0.018001
1499.0	1196956036703493.750000	0.017811
1501.0	1196956037215165.000000	0.017623
